0.406647061731442 0.593352938268558
0.409129357041562 0.590870642958438
0.411611652351682 0.588388347648318
0.413955678038281 0.590671796376536
0.416358674205143 0.592893103184674
0.414370540404236 0.599934978831123
0.416594767181482 0.597492862265564
0.418818993958727 0.595050745700004
0.42133495111877 0.597143245182121
0.42390482137391 0.599169167536404
0.422588490175692 0.605938068122365
0.424557666819566 0.603532596209617
0.426526843463441 0.601127124296869
0.429199220384396 0.603015773577752
0.431920120623122 0.604833820993178
0.431253962763215 0.611325195100574
0.432970821086861 0.608952607822418
0.434687679410506 0.606580020544262
0.4375 0.608253175473055
0.440355154967549 0.609852139082746
0.440317250757233 0.616063146336527
0.441784219144895 0.613719480930036
0.443251187532557 0.611375815523546
0.446186112898963 0.612823160543733
0.449157919615525 0.614193182205325
0.449726194083907 0.620122710785327
0.450945382519135 0.617803826174619
0.452164570954364 0.615484941563911
0.455204006306837 0.61669755331215
0.458274142595779 0.617830186386522
0.459426501589329 0.623478859882203
0.46039968864623 0.621180462209549
0.461372875703132 0.618882064536894
0.46449808191201 0.619852466858524
0.467647619362185 0.620740728286133
0.46936208576254 0.626110901851942
0.470090707640276 0.623828570950826
0.470819329518012 0.62154624004971
0.47401103864778 0.622268450091726
0.477220559313482 0.622906863445494
0.479475408533689 0.628002609280557
0.47996055020183 0.625731825927475
0.480445691869971 0.623461042574392
0.483684225972493 0.623930607671726
0.486933942091543 0.624315236921034
0.489707836015362 0.629142319162694
0.489950224524691 0.626878492939668
0.490192613034019 0.624614666716641
0.493458005469632 0.624828691844322
0.496727881461516 0.624957165621945
0.5 0.629523004807938
0.5 0.627261502403969
0.5 0.625
0.503272118538484 0.624957165621945
0.506541994530368 0.624828691844322
0.510292163984638 0.629142319162694
0.510049775475309 0.626878492939667
0.509807386965981 0.624614666716641
0.513066057908456 0.624315236921034
0.516315774027506 0.623930607671726
0.520524591466311 0.628002609280557
0.52003944979817 0.625731825927475
0.519554308130029 0.623461042574392
0.522779440686518 0.622906863445494
0.52598896135222 0.622268450091726
0.53063791423746 0.626110901851943
0.529909292359724 0.623828570950826
0.529180670481988 0.62154624004971
0.532352380637815 0.620740728286133
0.53550191808799 0.619852466858524
0.540573498410671 0.623478859882203
0.53960031135377 0.621180462209549
0.538627124296868 0.618882064536894
0.541725857404221 0.617830186386522
0.544795993693163 0.61669755331215
0.550273805916093 0.620122710785326
0.549054617480865 0.617803826174619
0.547835429045636 0.615484941563911
0.550842080384475 0.614193182205325
0.553813887101037 0.612823160543733
0.559682749242767 0.616063146336527
0.558215780855105 0.613719480930036
0.556748812467443 0.611375815523546
0.559644845032451 0.609852139082746
0.5625 0.608253175473055
0.568746037236785 0.611325195100574
0.56702917891314 0.608952607822418
0.565312320589493 0.606580020544262
0.568079879376878 0.604833820993178
0.570800779615604 0.603015773577752
0.577411509824308 0.605938068122365
0.575442333180434 0.603532596209617
0.573473156536559 0.601127124296869
0.57609517862609 0.599169167536404
0.57866504888123 0.597143245182121
0.585629459595764 0.599934978831123
0.583405232818518 0.597492862265563
0.581181006041273 0.595050745700004
0.583641325794857 0.592893103184674
0.586044321961719 0.590671796376536
0.593352938268558 0.593352938268558
0.590870642958438 0.590870642958438
0.588388347648318 0.588388347648318
NaN NaN
NaN NaN
0.398839108744797 0.601160891255204
0.40150193758306 0.598498062416941
0.404164766421322 0.595835233578678
0.406767917603982 0.59807737010859
0.409428972371842 0.600258488991236
0.407374330872852 0.607616551307235
0.409760322249921 0.604996823351959
0.412146313626991 0.602377095396682
0.414918285695571 0.604431737337927
0.417743195462494 0.606421006666015
0.416394529853932 0.613504376421327
0.418506921692875 0.61092395822822
0.420619313531817 0.608343540035113
0.423544875411987 0.610198019836885
0.426518082725128 0.611983175103507
0.425853658850499 0.618788066197753
0.427695381645034 0.616242924288241
0.429537104439569 0.61369778237873
0.432600078124734 0.615340666556374
0.435705111227563 0.616910701685687
0.435702964875508 0.623435044932034
0.43727662362254 0.620920928337526
0.438850282369571 0.618406811743018
0.442033642663668 0.619827971369264
0.445253217049823 0.621173206572607
0.445891289370791 0.627416662454996
0.447199147509735 0.624929128925515
0.448507005648679 0.622441595396034
0.451792985132164 0.623632268549204
0.455109110110184 0.624744410004212
0.456365383616572 0.63070837077059
0.4574093490745 0.628242814162724
0.458453314532428 0.625777257554858
0.461823513104334 0.626730103339022
0.465217602716252 0.6276022943238
0.467070237027538 0.633289875402444
0.467851850456171 0.630841554077751
0.468633463884805 0.628393232753059
0.472068962205478 0.629102376557105
0.475521949815433 0.6297292397242
0.477949416311384 0.635145260516066
0.478469841588466 0.632709326574853
0.478990266865548 0.63027339263364
0.482471743000667 0.630734462350202
0.485964198847056 0.631112132879734
0.488945413398833 0.636263087045253
0.489205430452433 0.633834616215487
0.489465447506034 0.63140614538572
0.492973296052764 0.631616298366675
0.49648554703918 0.631742447794243
0.5 0.636636463217736
0.5 0.634210485214821
0.5 0.631784507211906
0.50351445296082 0.631742447794243
0.507026703947236 0.631616298366675
0.511054586601168 0.636263087045253
0.510794569547567 0.633834616215487
0.510534552493967 0.631406145385721
0.514035801152944 0.631112132879735
0.517528256999332 0.630734462350202
0.522050583688616 0.635145260516066
0.521530158411534 0.632709326574853
0.521009733134452 0.63027339263364
0.524478050184567 0.6297292397242
0.527931037794523 0.629102376557105
0.532929762972463 0.633289875402444
0.532148149543829 0.630841554077751
0.531366536115195 0.628393232753059
0.534782397283748 0.627602294323801
0.538176486895666 0.626730103339022
0.543634616383428 0.63070837077059
0.5425906509255 0.628242814162724
0.541546685467572 0.625777257554858
0.544890889889815 0.624744410004212
0.548207014867836 0.623632268549204
0.554108710629209 0.627416662454996
0.552800852490265 0.624929128925515
0.551492994351321 0.622441595396034
0.554746782950177 0.621173206572607
0.557966357336332 0.619827971369264
0.564297035124492 0.623435044932034
0.562723376377461 0.620920928337526
0.561149717630429 0.618406811743018
0.564294888772437 0.616910701685687
0.567399921875266 0.615340666556373
0.574146341149502 0.618788066197753
0.572304618354966 0.616242924288241
0.570462895560431 0.61369778237873
0.573481917274872 0.611983175103507
0.576455124588013 0.610198019836885
0.583605470146068 0.613504376421327
0.581493078307125 0.61092395822822
0.579380686468182 0.608343540035113
0.582256804537506 0.606421006666014
0.585081714304429 0.604431737337927
0.592625669127148 0.607616551307234
0.590239677750079 0.604996823351958
0.587853686373009 0.602377095396682
0.590571027628158 0.600258488991235
0.593232082396018 0.59807737010859
0.601160891255204 0.601160891255204
0.598498062416941 0.598498062416941
0.595835233578678 0.595835233578678
NaN NaN
NaN NaN
0.390463295320875 0.609536704679125
0.393319787613705 0.606680212386296
0.396176279906534 0.603823720093466
0.399057402384884 0.606021539852294
0.401995283959731 0.608159548003306
0.39986929775985 0.615856792760057
0.402428818627817 0.613046536011283
0.404988339495783 0.61023627926251
0.408034946044273 0.612250310342037
0.411133443955243 0.614200260925588
0.4097500923043 0.6216209707103
0.412016115159645 0.618852882662367
0.41428213801499 0.616084794614434
0.417479298607875 0.617902619843321
0.42072316290172 0.619652490765638
0.420060599122456 0.62679370045601
0.42203626758921 0.624063454281637
0.424011936055963 0.621333208107264
0.427343792451753 0.622943619988486
0.430716876943134 0.624482622713443
0.430753089063491 0.631343090398194
0.432441197595984 0.628646125962368
0.434129306128476 0.625949161526542
0.437579169641262 0.627342231335335
0.441064531459353 0.628660877399362
0.441777477923602 0.635241092035035
0.443180454577724 0.632572644009756
0.444583431231847 0.629904195984478
0.448133885622604 0.631071334982229
0.451713889669522 0.632161494493846
0.453081635231781 0.638463672890224
0.454201526695213 0.63581880013434
0.455321418158645 0.633173927378456
0.458954427012135 0.63410793976513
0.462610854689187 0.634962891528435
0.464611705651508 0.640990964681173
0.465450164625206 0.638364580704154
0.466288623598904 0.635738196727137
0.469985641524175 0.63643332400578
0.473699803055573 0.63704779695885
0.476312441016803 0.642807385813579
0.476870716025553 0.640194290135429
0.477428991034302 0.637581194457279
0.481171078003188 0.638033150937065
0.484923927664734 0.638403356649812
0.488127540955549 0.643901737447141
0.488406468650391 0.641296647661079
0.488685396345232 0.638691557875019
0.492453334463927 0.638897557093959
0.496225588006237 0.639021213125058
0.5 0.644267272540128
0.5 0.641664856880389
0.5 0.63906244122065
0.503774411993763 0.639021213125058
0.507546665536073 0.638897557093958
0.511872459044451 0.643901737447141
0.511593531349609 0.64129664766108
0.511314603654768 0.638691557875019
0.515076072335266 0.638403356649813
0.518828921996812 0.638033150937065
0.523687558983197 0.642807385813579
0.523129283974447 0.640194290135429
0.522571008965698 0.637581194457279
0.526300196944427 0.63704779695885
0.530014358475826 0.63643332400578
0.535388294348493 0.640990964681172
0.534549835374794 0.638364580704154
0.533711376401096 0.635738196727137
0.537389145310813 0.634962891528435
0.541045572987865 0.63410793976513
0.546918364768219 0.638463672890224
0.545798473304788 0.63581880013434
0.544678581841355 0.633173927378456
0.548286110330478 0.632161494493846
0.551866114377396 0.631071334982229
0.558222522076399 0.635241092035035
0.556819545422276 0.632572644009756
0.555416568768153 0.629904195984478
0.558935468540647 0.628660877399362
0.562420830358738 0.627342231335335
0.569246910936509 0.631343090398194
0.567558802404016 0.628646125962368
0.565870693871523 0.625949161526542
0.569283123056866 0.624482622713443
0.572656207548248 0.622943619988486
0.579939400877544 0.62679370045601
0.57796373241079 0.624063454281636
0.575988063944037 0.621333208107264
0.57927683709828 0.619652490765638
0.582520701392125 0.617902619843321
0.5902499076957 0.6216209707103
0.587983884840356 0.618852882662367
0.58571786198501 0.616084794614434
0.588866556044757 0.614200260925588
0.591965053955728 0.612250310342037
0.60013070224015 0.615856792760057
0.597571181372183 0.613046536011283
0.595011660504217 0.61023627926251
0.598004716040269 0.608159548003306
0.600942597615116 0.606021539852294
0.609536704679125 0.609536704679125
0.606680212386296 0.606680212386296
0.603823720093466 0.603823720093466
NaN NaN
NaN NaN
0.381478321841611 0.618521678158389
0.384542562434828 0.615457437565172
0.387606803028046 0.612393196971954
0.390786113227799 0.614543476868955
0.394020954798438 0.616635238910986
0.391818435107069 0.624696334326835
0.394564105999476 0.621681691917833
0.397309776891884 0.61866704950883
0.400650991664505 0.620637516160995
0.404042975365344 0.622545288408063
0.402622415009391 0.630327872444774
0.405053242229173 0.627358465601504
0.407484069448955 0.624389058758234
0.410972581712089 0.626167563583406
0.414506787453447 0.62787958398521
0.413846219051429 0.635381572207031
0.415965574853566 0.632452759418707
0.418084930655702 0.629523946630382
0.421705225188985 0.631099524554901
0.42536585603501 0.632605237936361
0.425443216380606 0.639826275874046
0.427254098455802 0.636933165354033
0.429064980530998 0.63404005483402
0.432800729632546 0.635402991896049
0.436571209194573 0.636693115033465
0.437364475283628 0.643634580369699
0.438869488276553 0.640772060215007
0.440374501269479 0.637909540060314
0.444208665421603 0.639051433299642
0.448071740057106 0.640118012154864
0.449559064866775 0.646783006230384
0.450760404317562 0.643945775938246
0.451961743768349 0.641108545646108
0.455876676691848 0.642022354911199
0.459814521878882 0.64285881367091
0.461974369061789 0.649252142363712
0.462873807869799 0.646434745510951
0.463773246677809 0.643617348658191
0.467750804127147 0.64429744001105
0.471745134358451 0.644898621628847
0.474556411021435 0.65102676572435
0.475155288514745 0.648223623608039
0.475754166008054 0.645420481491729
0.479775817636668 0.645862661943015
0.483807999155903 0.646224859934309
0.487250185904715 0.652095935169157
0.487549399582711 0.64930138120118
0.487848613260707 0.646506827233202
0.491895556866758 0.646708370593391
0.495946722551805 0.646829351887125
0.5 0.652453058912972
0.5 0.64966137355642
0.5 0.646869688199868
0.504053277448195 0.646829351887125
0.508104443133242 0.646708370593391
0.512749814095285 0.652095935169157
0.512450600417289 0.64930138120118
0.512151386739293 0.646506827233202
0.516192000844097 0.646224859934309
0.520224182363332 0.645862661943014
0.525443588978565 0.65102676572435
0.524844711485256 0.648223623608039
0.524245833991946 0.645420481491729
0.528254865641549 0.644898621628847
0.532249195872853 0.64429744001105
0.538025630938212 0.649252142363712
0.537126192130201 0.646434745510951
0.536226753322191 0.643617348658191
0.540185478121119 0.64285881367091
0.544123323308152 0.642022354911199
0.550440935133225 0.646783006230384
0.549239595682438 0.643945775938246
0.548038256231651 0.641108545646108
0.551928259942894 0.640118012154864
0.555791334578397 0.639051433299642
0.562635524716372 0.6436345803697
0.561130511723447 0.640772060215006
0.559625498730521 0.637909540060314
0.563428790805427 0.636693115033465
0.567199270367454 0.635402991896049
0.574556783619395 0.639826275874047
0.572745901544198 0.636933165354033
0.570935019469002 0.63404005483402
0.574634143964991 0.632605237936361
0.578294774811015 0.631099524554902
0.586153780948571 0.635381572207031
0.584034425146434 0.632452759418707
0.581915069344298 0.629523946630382
0.585493212546553 0.62787958398521
0.589027418287911 0.626167563583406
0.597377584990609 0.630327872444774
0.594946757770827 0.627358465601504
0.592515930551045 0.624389058758234
0.595957024634656 0.622545288408063
0.599349008335495 0.620637516160995
0.608181564892931 0.624696334326835
0.605435894000524 0.621681691917833
0.602690223108116 0.61866704950883
0.605979045201562 0.616635238910986
0.609213886772202 0.614543476868955
0.618521678158389 0.618521678158389
0.615457437565172 0.615457437565172
0.612393196971954 0.612393196971954
NaN NaN
NaN NaN
0.371839885031103 0.628160114968897
0.375126983139749 0.624873016860252
0.378414081248394 0.621585918751606
0.381913265904877 0.62368520128559
0.385466664916036 0.625727353810112
0.383182045569804 0.634178762185068
0.386127404892232 0.630944869460453
0.389072764214661 0.627710976735838
0.392730013615398 0.629634710586701
0.396436827877167 0.63149723693161
0.394976352684197 0.63966801377927
0.397583970236904 0.636482646533657
0.40019158778961 0.633297279288044
0.403992641282812 0.635033603996888
0.407838304559553 0.636705021067915
0.407179876655505 0.644594026690063
0.409453369952399 0.641452205842709
0.411726863249293 0.638310384995355
0.415656573583122 0.639848595542963
0.419625663588845 0.641318598498064
0.419747164806948 0.648926430409786
0.421689749556179 0.645822908401923
0.423632334305409 0.64271938639406
0.42767476101582 0.644049999200899
0.43175109449771 0.645309524983029
0.432630521734611 0.652638514228838
0.434244992012657 0.649567807376615
0.435859462290703 0.646497100524393
0.439997969979709 0.647611911920035
0.444164702493255 0.648653195133913
0.445780303365471 0.655707391916079
0.447069014390729 0.652663814219301
0.448357725415988 0.649620236522523
0.452575086314417 0.650512373324002
0.456814816075021 0.651328994112352
0.459145223029615 0.658114142820064
0.460110076641696 0.655091841018269
0.461074930253778 0.652069539216473
0.465353430436203 0.652733501103744
0.469648305606963 0.653320424727851
0.472672667659612 0.659843928521142
0.473315100593869 0.656836918180902
0.473957533528125 0.653829907840661
0.478279082125101 0.654261601267897
0.482610910879322 0.654615209148448
0.486309022167575 0.660886084315255
0.486629997197147 0.657888286726195
0.486950972226718 0.654890489137135
0.491297212961008 0.655087252570805
0.495647575640869 0.65520536459763
0.5 0.661234184965381
0.5 0.658239464617452
0.5 0.655244744269524
0.504352424359131 0.65520536459763
0.508702787038992 0.655087252570805
0.513690977832425 0.660886084315256
0.513370002802853 0.657888286726195
0.513049027773282 0.654890489137135
0.517389089120678 0.654615209148448
0.5217209178749 0.654261601267897
0.527327332340388 0.659843928521142
0.526684899406131 0.656836918180902
0.526042466471875 0.653829907840661
0.530351694393037 0.653320424727851
0.534646569563797 0.652733501103744
0.540854776970386 0.658114142820064
0.539889923358303 0.655091841018269
0.538925069746222 0.652069539216473
0.543185183924978 0.651328994112352
0.547424913685583 0.650512373324002
0.554219696634529 0.655707391916079
0.552930985609271 0.652663814219301
0.551642274584012 0.649620236522522
0.555835297506745 0.648653195133913
0.560002030020291 0.647611911920036
0.567369478265389 0.652638514228838
0.565755007987343 0.649567807376615
0.564140537709297 0.646497100524392
0.56824890550229 0.645309524983029
0.57232523898418 0.644049999200899
0.580252835193052 0.648926430409786
0.578310250443821 0.645822908401923
0.576367665694591 0.64271938639406
0.580374336411155 0.641318598498064
0.584343426416879 0.639848595542963
0.592820123344495 0.644594026690063
0.590546630047601 0.641452205842709
0.588273136750707 0.638310384995355
0.592161695440447 0.636705021067915
0.596007358717188 0.635033603996887
0.605023647315803 0.63966801377927
0.602416029763096 0.636482646533657
0.59980841221039 0.633297279288044
0.603563172122833 0.63149723693161
0.607269986384602 0.6296347105867
0.616817954430196 0.634178762185068
0.613872595107768 0.630944869460453
0.610927235785339 0.627710976735838
0.614533335083964 0.625727353810112
0.618086734095123 0.62368520128559
0.628160114968897 0.628160114968897
0.624873016860252 0.624873016860252
0.621585918751606 0.621585918751606
NaN NaN
NaN NaN
0.361500459504188 0.638499540495812
0.365026623213323 0.634973376786677
0.368552786922458 0.631447213077542
0.372395110013973 0.633491789288568
0.376290234659387 0.635480724271511
0.373917544676399 0.644350832468048
0.377077115461887 0.640881743688866
0.380236686247375 0.637412654909683
0.384232954989689 0.639286257154329
0.388277496955892 0.641100246932056
0.386774203981069 0.64968744925802
0.38957146955628 0.646270415141452
0.392368735131491 0.642853381024883
0.396505060498744 0.644544457922274
0.400684833139398 0.646172318644594
0.400028701408454 0.654476488848612
0.402467542383533 0.651106168193014
0.404906383358612 0.647735847537417
0.409168012829276 0.649233973036141
0.413467995755968 0.650665668400381
0.41363684814449 0.658688425218231
0.415720714101103 0.65535918881794
0.417804580057717 0.65202995241765
0.422175988568803 0.653325890075829
0.42658042025673 0.654552593203982
0.427552275009522 0.662297290378548
0.429284163233043 0.659003255729804
0.431016051456565 0.65570922108106
0.435481037120791 0.65679498101209
0.439973512083805 0.657809128871451
0.441726718339722 0.66528083447578
0.443109155339967 0.662015902044319
0.444491592340213 0.658750969612857
0.449033376336031 0.659619857745711
0.453596946271917 0.660415197777488
0.45611031754862 0.667620662968438
0.457145343483077 0.664378553795149
0.458180369417533 0.661136444621858
0.462781699436144 0.661783103972262
0.467398977718536 0.662354732640683
0.470651922534204 0.669302350035794
0.47134107862978 0.666076644448588
0.472030234725356 0.662850938861383
0.476673491336927 0.663271382559406
0.481326760209646 0.663615775583642
0.485299409036307 0.670315527517858
0.485643728087155 0.667099704711087
0.485988047138003 0.663883881904316
0.490655352421316 0.664075517774747
0.495326672234222 0.664190551857283
0.5 0.670653948838539
0.5 0.667441427075924
0.5 0.66422890531331
0.504673327765778 0.664190551857283
0.509344647578683 0.664075517774747
0.514700590963694 0.670315527517858
0.514356271912845 0.667099704711087
0.514011952861997 0.663883881904316
0.518673239790354 0.663615775583642
0.523326508663073 0.663271382559406
0.529348077465796 0.669302350035794
0.52865892137022 0.666076644448588
0.527969765274644 0.662850938861383
0.532601022281464 0.662354732640683
0.537218300563857 0.661783103972263
0.54388968245138 0.667620662968438
0.542854656516924 0.664378553795149
0.541819630582467 0.661136444621859
0.546403053728084 0.660415197777488
0.550966623663969 0.659619857745711
0.558273281660278 0.66528083447578
0.556890844660033 0.662015902044319
0.555508407659788 0.658750969612857
0.560026487916196 0.657809128871451
0.564518962879209 0.65679498101209
0.572447724990478 0.662297290378548
0.570715836766957 0.659003255729805
0.568983948543435 0.65570922108106
0.573419579743271 0.654552593203982
0.577824011431197 0.65332589007583
0.586363151855511 0.658688425218231
0.584279285898897 0.655359188817941
0.582195419942283 0.65202995241765
0.586532004244032 0.650665668400381
0.590831987170724 0.649233973036141
0.599971298591546 0.654476488848612
0.597532457616467 0.651106168193014
0.595093616641389 0.647735847537417
0.599315166860602 0.646172318644594
0.603494939501256 0.644544457922274
0.613225796018932 0.64968744925802
0.61042853044372 0.646270415141451
0.607631264868509 0.642853381024884
0.611722503044108 0.641100246932056
0.615767045010311 0.639286257154328
0.626082455323601 0.644350832468048
0.622922884538113 0.640881743688866
0.619763313752625 0.637412654909683
0.623709765340613 0.635480724271511
0.627604889986027 0.633491789288568
0.638499540495812 0.638499540495812
0.634973376786677 0.634973376786677
0.631447213077542 0.631447213077542
NaN NaN
NaN NaN
0.35040906342738 0.64959093657262
0.354191679611216 0.645808320388784
0.357974295795053 0.642025704204947
0.362184713253341 0.644011595386107
0.366446416713918 0.645943442397349
0.36397925085193 0.655262701810881
0.36736861237142 0.651541311529056
0.37075797389091 0.647819921247231
0.375117918331196 0.649639745890879
0.379524750419441 0.651401669111387
0.377975525591205 0.660435582901571
0.380976231998531 0.656770033138079
0.383976938405857 0.653104483374588
0.388472919455994 0.654747021656644
0.393011100721816 0.656328158243864
0.392357432161121 0.665077687312607
0.394973646297248 0.661462248408408
0.397589860433375 0.657846809504209
0.402207549010278 0.659301934629965
0.406862490192233 0.660692536351055
0.407082137529125 0.66916039492664
0.4093175598585 0.665589028272581
0.411552982187876 0.662017661618522
0.416277298841087 0.663276402257699
0.421033690814019 0.664467895590627
0.422104695194077 0.67265853449359
0.423962540990039 0.669124929760441
0.425820386786 0.665591325027292
0.430635594667514 0.666645920625276
0.435477502828404 0.667630959617433
0.437378322296386 0.675550538819779
0.438861301817931 0.67204815286351
0.440344281339476 0.668545766907242
0.44523408322664 0.669389715531482
0.450145045736735 0.670162227089922
0.452854688049887 0.677818577736846
0.453964989832025 0.674340674939287
0.455075291614164 0.670862772141728
0.460022930387475 0.671490870568315
0.464986059664994 0.672046091902395
0.468484211717212 0.679448668030668
0.469223489077921 0.675988361826833
0.469962766438629 0.672528055622999
0.474951128394949 0.672936431416269
0.479949215232645 0.673270939401834
0.484216368291529 0.680430759652523
0.484585729138493 0.676981054988576
0.484955089985458 0.673531350324629
0.489966810349684 0.673717485712017
0.494982430015325 0.673829217996101
0.5 0.680758797680984
0.5 0.677312634141069
0.5 0.673866470601154
0.505017569984675 0.673829217996101
0.510033189650316 0.673717485712018
0.515783631708471 0.680430759652523
0.515414270861507 0.676981054988576
0.515044910014542 0.67353135032463
0.520050784767355 0.673270939401834
0.525048871605051 0.672936431416269
0.531515788282787 0.679448668030668
0.530776510922079 0.675988361826833
0.530037233561372 0.672528055622999
0.535013940335006 0.672046091902395
0.539977069612525 0.671490870568315
0.547145311950114 0.677818577736846
0.546035010167975 0.674340674939287
0.544924708385836 0.670862772141728
0.549854954263266 0.670162227089922
0.55476591677336 0.669389715531482
0.562621677703614 0.675550538819779
0.561138698182069 0.67204815286351
0.559655718660524 0.668545766907242
0.564522497171596 0.667630959617433
0.569364405332486 0.666645920625276
0.577895304805923 0.67265853449359
0.576037459009961 0.669124929760441
0.574179613214 0.665591325027292
0.578966309185982 0.664467895590627
0.583722701158913 0.663276402257699
0.592917862470876 0.66916039492664
0.5906824401415 0.665589028272581
0.588447017812125 0.662017661618522
0.593137509807767 0.660692536351055
0.597792450989723 0.659301934629965
0.607642567838879 0.665077687312607
0.605026353702752 0.661462248408408
0.602410139566625 0.657846809504209
0.606988899278184 0.656328158243864
0.611527080544006 0.654747021656644
0.622024474408795 0.660435582901571
0.619023768001469 0.656770033138079
0.616023061594143 0.653104483374588
0.62047524958056 0.651401669111387
0.624882081668804 0.649639745890879
0.63602074914807 0.655262701810881
0.63263138762858 0.651541311529056
0.62924202610909 0.64781992124723
0.633553583286082 0.645943442397349
0.637815286746659 0.644011595386107
0.64959093657262 0.64959093657262
0.645808320388784 0.645808320388784
0.642025704204947 0.642025704204947
NaN NaN
NaN NaN
0.338511007136691 0.661488992863309
0.342568727190117 0.657431272809882
0.346626447243544 0.653373552756456
0.351231730006958 0.655296490835597
0.35588667299731 0.657167097954573
0.353318160170642 0.666968174663766
0.356954024751541 0.662976133378236
0.36058988933244 0.658984092092706
0.365339959046051 0.660746227972975
0.37013543006088 0.662452297915466
0.368536932826028 0.671965411809062
0.371755876004954 0.668033272237062
0.374974819183879 0.664101132665062
0.379856613122724 0.665691602192787
0.384779269522949 0.667222616470271
0.384128243275094 0.676449894670446
0.386934730650044 0.672571510443626
0.389741218024995 0.668693126216806
0.394740861340461 0.670102123618464
0.399776576346806 0.671448643018807
0.400050712870703 0.680393974919835
0.402448714035226 0.676562868250267
0.404846715199749 0.672731761580699
0.409949606462629 0.67395059991877
0.415083556251915 0.675104322702105
0.416260921259459 0.683773335990952
0.418253885328787 0.679982737608846
0.420246849398116 0.676192139226739
0.42543775062127 0.677213303957564
0.430654505720216 0.678167117039281
0.432713674082623 0.686567142999043
0.434304508428732 0.682810033887545
0.435895342774841 0.679052924776048
0.44115847336046 0.679870120079489
0.446442093773515 0.680618142884763
0.449362281614365 0.688758171194866
0.450553333941057 0.685027325864635
0.451744386267748 0.681296480534405
0.457063520299984 0.681904668129672
0.462397653784702 0.682442288849166
0.466158846619447 0.690332912161005
0.466951890487975 0.686620943197753
0.467744934356504 0.682908974234502
0.473103500639638 0.683304404442827
0.478471483523686 0.683628308466029
0.483054559655606 0.691281657095748
0.483450783550085 0.687581060706109
0.483847007444564 0.68388046431647
0.489228191669937 0.684060699179125
0.494613151588181 0.684168889530022
0.5 0.691598556671082
0.5 0.687901758945991
0.5 0.6842049612209
0.505386848411819 0.684168889530022
0.510771808330063 0.684060699179125
0.516945440344394 0.691281657095748
0.516549216449915 0.687581060706109
0.516152992555436 0.68388046431647
0.521528516476314 0.683628308466029
0.526896499360362 0.683304404442827
0.533841153380553 0.690332912161005
0.533048109512025 0.686620943197753
0.532255065643496 0.682908974234502
0.537602346215299 0.682442288849166
0.542936479700016 0.681904668129672
0.550637718385635 0.688758171194866
0.549446666058943 0.685027325864636
0.548255613732252 0.681296480534404
0.553557906226485 0.680618142884763
0.55884152663954 0.679870120079489
0.567286325917377 0.686567142999043
0.565695491571268 0.682810033887545
0.564104657225159 0.679052924776048
0.569345494279784 0.678167117039281
0.57456224937873 0.677213303957564
0.583739078740541 0.683773335990952
0.581746114671213 0.679982737608846
0.579753150601884 0.676192139226739
0.584916443748085 0.675104322702105
0.590050393537372 0.673950599918769
0.599949287129297 0.680393974919835
0.597551285964774 0.676562868250267
0.595153284800251 0.672731761580699
0.600223423653194 0.671448643018807
0.605259138659539 0.670102123618464
0.615871756724906 0.676449894670446
0.613065269349956 0.672571510443626
0.610258781975006 0.668693126216806
0.615220730477051 0.667222616470271
0.620143386877276 0.665691602192787
0.631463067173972 0.671965411809062
0.628244123995046 0.668033272237062
0.625025180816121 0.664101132665062
0.629864569939121 0.662452297915466
0.634660040953949 0.660746227972975
0.646681839829358 0.666968174663766
0.643045975248459 0.662976133378236
0.63941011066756 0.658984092092707
0.64411332700269 0.657167097954573
0.648768269993042 0.655296490835597
0.661488992863309 0.661488992863309
0.657431272809882 0.657431272809882
0.653373552756456 0.653373552756456
NaN NaN
NaN NaN
0.325747623472807 0.674252376527194
0.330100455278036 0.669899544721964
0.334453287083265 0.665546712916735
0.339482153099419 0.667402119411364
0.344558935327011 0.669207032754701
0.341881704726467 0.679524968591988
0.345782000158105 0.675242592270642
0.349682295589743 0.670960215949296
0.354850863789054 0.672660467450962
0.360063238843124 0.67430662199225
0.358411885695146 0.684333787477315
0.361864937671125 0.680115669429189
0.365317989647103 0.675897551381062
0.370613656053918 0.677432165273867
0.375948749874986 0.678909411922956
0.37530055811133 0.688649185215654
0.378311157005737 0.68448873205646
0.381321755900144 0.680328278897266
0.386731132936097 0.681687793776248
0.392175314862676 0.682987024816313
0.392507903488521 0.69244455594493
0.395080307597351 0.688334818767167
0.39765271170618 0.684225081589403
0.403161710729062 0.68540111559325
0.40870067753522 0.68651432083289
0.409992138615447 0.69569649994251
0.412130047902789 0.691630217157785
0.41426795719013 0.687563934373059
0.419861875355057 0.688549236861065
0.42548073943456 0.6894695530198
0.427709773163454 0.698384967892268
0.429416306449984 0.694354610001404
0.431122839736515 0.69032425211054
0.436786450643852 0.691112748365221
0.442469831797206 0.691834501387897
0.445615877818842 0.700493384495286
0.446893553553258 0.696491200510191
0.448171229287674 0.692489016525097
0.453888876858855 0.693075845204841
0.459620997117353 0.693594585244065
0.46366436128703 0.702008750662088
0.464515082018974 0.698026815893172
0.465365802750918 0.694044881124256
0.471121497753374 0.694426424235113
0.476886278655519 0.694738953086044
0.481808254460706 0.702921723656344
0.482233295110917 0.698951988570865
0.482658335761127 0.694982253485387
0.488435854387226 0.695156158687201
0.49421701610779 0.695260549505548
0.5 0.703226674695952
0.5 0.699261014546063
0.5 0.695295354396174
0.50578298389221 0.695260549505547
0.511564145612775 0.695156158687201
0.518191745539294 0.702921723656344
0.517766704889084 0.698951988570866
0.517341664238873 0.694982253485387
0.523113721344481 0.694738953086044
0.528878502246626 0.694426424235113
0.53633563871297 0.702008750662088
0.535484917981026 0.698026815893172
0.534634197249082 0.694044881124256
0.540379002882647 0.693594585244065
0.546111123141146 0.693075845204841
0.554384122181158 0.700493384495286
0.553106446446742 0.696491200510191
0.551828770712326 0.692489016525097
0.557530168202794 0.691834501387897
0.563213549356149 0.691112748365221
0.572290226836546 0.698384967892268
0.570583693550016 0.694354610001404
0.568877160263485 0.69032425211054
0.57451926056544 0.6894695530198
0.580138124644943 0.688549236861065
0.590007861384553 0.69569649994251
0.587869952097211 0.691630217157785
0.58573204280987 0.687563934373059
0.59129932246478 0.68651432083289
0.596838289270938 0.68540111559325
0.607492096511479 0.69244455594493
0.60491969240265 0.688334818767167
0.60234728829382 0.684225081589403
0.607824685137324 0.682987024816313
0.613268867063904 0.681687793776248
0.62469944188867 0.688649185215654
0.621688842994263 0.68448873205646
0.618678244099856 0.680328278897266
0.624051250125014 0.678909411922955
0.629386343946082 0.677432165273867
0.641588114304854 0.684333787477316
0.638135062328875 0.680115669429189
0.634682010352897 0.675897551381062
0.639936761156876 0.67430662199225
0.645149136210946 0.672660467450962
0.658118295273533 0.679524968591988
0.654217999841895 0.675242592270642
0.650317704410257 0.670960215949296
0.655441064672988 0.669207032754701
0.660517846900581 0.667402119411364
0.674252376527194 0.674252376527194
0.669899544721964 0.669899544721964
0.665546712916735 0.665546712916735
NaN NaN
NaN NaN
0.312055978503955 0.687944021496045
0.316725385085766 0.683274614914234
0.321394791667577 0.678605208332423
0.326878047496338 0.680388171774046
0.332407348681468 0.682122613534265
0.32961349343021 0.69299499887077
0.33379745136252 0.688401171892052
0.337981409294829 0.683807344913334
0.343598912732405 0.685441211280521
0.349258512616637 0.687023092865431
0.347550459426093 0.697601696125261
0.35125464657263 0.693076800825351
0.354958833719168 0.688551905525442
0.360698472903347 0.690026601488724
0.366476000085879 0.691446170072325
0.365830848954106 0.701735711439062
0.369060404085515 0.697272674906955
0.372289959216923 0.692809638374848
0.378138869278004 0.694116071943224
0.384021225297023 0.695364575413144
0.38441651715648 0.705371557233064
0.387176008268086 0.700962925177879
0.389935499379692 0.696554293122694
0.395880141756678 0.697684409698783
0.401853581845736 0.69875415061596
0.403267437030901 0.708486817308905
0.405560833179503 0.70412480001807
0.407854229328106 0.699762782727236
0.413880475238441 0.700709614766544
0.419930693067509 0.701593997822499
0.42234194621029 0.711062285052288
0.424172593043607 0.70673880541771
0.426003239876924 0.702415325783131
0.43209645742513 0.703173035751283
0.438208673303883 0.703866608430389
0.441597003825154 0.713082081848147
0.44296760295479 0.708788825164264
0.444338202084427 0.70449556848038
0.450483346472612 0.705059484843457
0.456642398472128 0.705557971039511
0.460988455864857 0.714533754977583
0.461901048209972 0.710262220204293
0.462813640555086 0.705990685431003
0.468995346839119 0.706357331457106
0.475185784270222 0.706657657836945
0.480471307401778 0.715408354393023
0.480927260606137 0.711149906567423
0.481383213810496 0.706891458741823
0.487585891630001 0.707058573936278
0.493792070301888 0.707158888887903
0.5 0.715700487898238
0.5 0.711446411372039
0.5 0.70719233484584
0.506207929698112 0.707158888887903
0.512414108369999 0.707058573936278
0.519528692598222 0.715408354393023
0.519072739393863 0.711149906567423
0.518616786189504 0.706891458741823
0.524814215729779 0.706657657836945
0.531004653160881 0.706357331457105
0.539011544135143 0.714533754977583
0.538098951790029 0.710262220204293
0.537186359444914 0.705990685431003
0.543357601527872 0.705557971039511
0.549516653527388 0.705059484843457
0.558402996174846 0.713082081848147
0.557032397045209 0.708788825164263
0.555661797915573 0.704495568480381
0.561791326696118 0.703866608430389
0.56790354257487 0.703173035751283
0.57765805378971 0.711062285052288
0.575827406956393 0.70673880541771
0.573996760123076 0.702415325783131
0.580069306932491 0.701593997822499
0.58611952476156 0.700709614766544
0.596732562969099 0.708486817308905
0.594439166820497 0.70412480001807
0.592145770671894 0.699762782727236
0.598146418154264 0.69875415061596
0.604119858243322 0.697684409698783
0.61558348284352 0.705371557233064
0.612823991731914 0.700962925177879
0.610064500620308 0.696554293122694
0.615978774702977 0.695364575413144
0.621861130721996 0.694116071943224
0.634169151045894 0.701735711439062
0.630939595914485 0.697272674906955
0.627710040783076 0.692809638374847
0.633523999914121 0.691446170072325
0.639301527096653 0.690026601488723
0.652449540573907 0.697601696125261
0.64874535342737 0.693076800825351
0.645041166280832 0.688551905525442
0.650741487383363 0.68702309286543
0.656401087267596 0.685441211280521
0.67038650656979 0.69299499887077
0.666202548637481 0.688401171892052
0.662018590705171 0.683807344913334
0.667592651318532 0.682122613534264
0.673121952503662 0.680388171774046
0.687944021496045 0.687944021496045
0.683274614914234 0.683274614914234
0.678605208332423 0.678605208332423
NaN NaN
NaN NaN
0.297368561210099 0.702631438789901
0.302377566566122 0.697622433433879
0.307386571922144 0.692613428077856
0.313357264637197 0.694318679794411
0.319371995789132 0.69597752468143
0.316453033955307 0.707444683778277
0.320941284726604 0.702516754813882
0.325429535497901 0.697588825849488
0.331528624544606 0.699151478993251
0.33766797523451 0.700664413148311
0.335899098294324 0.711834559405932
0.33987268528694 0.706980575415551
0.343846272279555 0.702126591425171
0.350062173699799 0.703537011719876
0.356314311743138 0.704894707400809
0.35567242238374 0.71577400062984
0.359136858103219 0.710986374300505
0.362601293822698 0.706198747971169
0.36892170347124 0.707448239706687
0.375274101311943 0.708642326268142
0.375736656714958 0.719238719484859
0.378696841379916 0.714509454386554
0.381657026044875 0.709780189288249
0.388068995448495 0.710861048932532
0.394508507395499 0.711884164433782
0.396053658221006 0.722207354827112
0.398513849551652 0.717528094713425
0.400974040882298 0.712848834599739
0.407464057071439 0.713754398293658
0.413977000346248 0.714600234887418
0.416583725441222 0.724661604032542
0.418547512409098 0.720023684359704
0.420511299376973 0.715385764686867
0.427065368197691 0.716110449329118
0.433637607293255 0.716773792151518
0.437285843293968 0.726586335838677
0.438756123994743 0.721980837185353
0.440226404695518 0.71737533853203
0.446830137088097 0.717914676200812
0.453447170918912 0.718391435522768
0.45811793594824 0.727969683633894
0.459096899733992 0.723387486692383
0.460075863519743 0.718805289750872
0.466714564232031 0.719155955250109
0.473361615538155 0.719443191691863
0.479037126235165 0.728803118619026
0.479526240216292 0.724234960418824
0.480015354197419 0.719666802218623
0.486674112385944 0.719826633578904
0.493336218839719 0.719922576232276
0.5 0.729081502390244
0.5 0.72451803340734
0.5 0.719954564424436
0.506663781160281 0.719922576232276
0.513325887614056 0.719826633578904
0.520962873764835 0.728803118619026
0.520473759783708 0.724234960418824
0.519984645802581 0.719666802218623
0.526638384461845 0.719443191691863
0.533285435767969 0.71915595525011
0.54188206405176 0.727969683633894
0.540903100266008 0.723387486692383
0.539924136480257 0.718805289750872
0.546552829081088 0.718391435522768
0.553169862911903 0.717914676200812
0.562714156706032 0.726586335838677
0.561243876005257 0.721980837185353
0.559773595304482 0.71737533853203
0.566362392706745 0.716773792151518
0.572934631802309 0.716110449329118
0.583416274558778 0.724661604032542
0.581452487590902 0.720023684359704
0.579488700623027 0.715385764686867
0.586022999653752 0.714600234887418
0.592535942928561 0.713754398293658
0.603946341778994 0.722207354827112
0.601486150448348 0.717528094713425
0.599025959117702 0.712848834599739
0.605491492604501 0.711884164433782
0.611931004551505 0.710861048932532
0.624263343285042 0.719238719484859
0.621303158620084 0.714509454386554
0.618342973955125 0.709780189288249
0.624725898688057 0.708642326268142
0.63107829652876 0.707448239706687
0.64432757761626 0.71577400062984
0.640863141896781 0.710986374300505
0.637398706177302 0.706198747971169
0.643685688256861 0.704894707400809
0.649937826300201 0.703537011719876
0.664100901705676 0.711834559405932
0.66012731471306 0.706980575415551
0.656153727720445 0.702126591425171
0.66233202476549 0.700664413148311
0.668471375455394 0.699151478993251
0.683546966044693 0.707444683778277
0.679058715273396 0.702516754813882
0.674570464502099 0.697588825849488
0.680628004210868 0.69597752468143
0.686642735362803 0.694318679794411
0.702631438789901 0.702631438789901
0.697622433433879 0.697622433433879
0.692613428077856 0.692613428077856
NaN NaN
NaN NaN
0.281612950598324 0.718387049401676
0.2869862532262 0.7130137467738
0.292359555854076 0.707640444145924
0.298853135992055 0.709262332282917
0.305388601687256 0.710840082252172
0.302335434461124 0.722945272092108
0.307150108822567 0.717658942417389
0.31196478318401 0.712372612742671
0.318580482822072 0.713858873434568
0.325234475857434 0.715297845719023
0.323400351549647 0.727102556988779
0.327662931425678 0.721895550192546
0.331925511301709 0.716688543396312
0.338652312779492 0.718030013351715
0.345413579403124 0.71932133620873
0.344775189039798 0.730833273047864
0.348491587852029 0.72569745000352
0.352207986664261 0.720561626959176
0.359034187341616 0.721750035569725
0.365890812424287 0.722885747564478
0.366425523345148 0.734114419164269
0.369600997697574 0.729041201873717
0.37277647205 0.723967984583164
0.379689756457661 0.72499600491459
0.386629236953525 0.725969104004971
0.388315232349787 0.736925765981096
0.390954349620074 0.731906190460947
0.39359346689036 0.726886614940798
0.400580982658902 0.727747908905906
0.407590304690943 0.728552395612435
0.410406718113188 0.73924998061035
0.412513328293267 0.734274752157865
0.414619938473347 0.729299523705379
0.421668375572324 0.729988781140466
0.428734094667227 0.730619695535077
0.432661138674005 0.741072733495962
0.434238350633599 0.736132283993981
0.435815562593193 0.731191834492001
0.442911235391896 0.731704805895776
0.450019559369702 0.732158258181426
0.455038647523686 0.742382786760266
0.456088809843087 0.737467333667836
0.457138972162488 0.732551880575405
0.464267903806414 0.732885403308585
0.471404777813893 0.733158597801145
0.477498639273448 0.743172063489251
0.478023325763743 0.738271670154239
0.478548012254038 0.733371276819227
0.485696020836841 0.733523294603255
0.492847214000335 0.733614546967832
0.5 0.743435697529421
0.5 0.738540334451284
0.5 0.733644971373147
0.507152785999665 0.733614546967832
0.514303979163159 0.733523294603254
0.522501360726552 0.743172063489251
0.521976674236257 0.738271670154239
0.521451987745962 0.733371276819227
0.528595222186107 0.733158597801145
0.535732096193586 0.732885403308585
0.544961352476314 0.742382786760267
0.543911190156913 0.737467333667836
0.542861027837512 0.732551880575405
0.549980440630298 0.732158258181426
0.557088764608104 0.731704805895776
0.567338861325995 0.741072733495962
0.565761649366401 0.736132283993981
0.564184437406808 0.731191834492
0.571265905332773 0.730619695535076
0.578331624427676 0.729988781140466
0.589593281886812 0.73924998061035
0.587486671706733 0.734274752157864
0.585380061526653 0.729299523705379
0.592409695309057 0.728552395612435
0.599419017341098 0.727747908905907
0.611684767650213 0.736925765981096
0.609045650379926 0.731906190460947
0.60640653310964 0.726886614940798
0.613370763046475 0.725969104004972
0.620310243542339 0.72499600491459
0.633574476654852 0.734114419164269
0.630399002302426 0.729041201873717
0.62722352795 0.723967984583164
0.634109187575714 0.722885747564478
0.640965812658384 0.721750035569725
0.655224810960202 0.730833273047864
0.65150841214797 0.72569745000352
0.647792013335739 0.720561626959175
0.654586420596876 0.71932133620873
0.661347687220509 0.718030013351715
0.676599648450353 0.727102556988779
0.672337068574322 0.721895550192545
0.668074488698291 0.716688543396313
0.674765524142566 0.715297845719023
0.681419517177928 0.713858873434567
0.697664565538876 0.722945272092108
0.692849891177433 0.71765894241739
0.68803521681599 0.712372612742671
0.694611398312744 0.710840082252172
0.701146864007946 0.709262332282917
0.718387049401676 0.718387049401676
0.7130137467738 0.7130137467738
0.707640444145924 0.707640444145924
NaN NaN
NaN NaN
0.264711458608055 0.735288541391945
0.270475553289252 0.729524446710748
0.276239647970449 0.723760352029551
0.283294144331109 0.725292813681785
0.290388216793698 0.72678357082437
0.287191083623052 0.739573194404106
0.292355921861366 0.733902398085466
0.297520760099681 0.728231601766826
0.304690642624527 0.729635914101076
0.311896707153274 0.730995545381593
0.30999259013698 0.743480972602903
0.314565180905298 0.737895268193957
0.319137771673616 0.732309563785012
0.326412630186006 0.733577068748757
0.33372005353018 0.734797191588238
0.333085416639541 0.746987783236273
0.337072103433554 0.741478439664241
0.341058790227567 0.735969096092208
0.348427567338986 0.737091979095858
0.355825091337057 0.738165071031266
0.356437205535835 0.750072005650528
0.359843627264278 0.744629821052675
0.363250048992721 0.739187636454822
0.37070110827526 0.740158974551262
0.378176919265205 0.741078419613976
0.380014002641689 0.752714624588876
0.382845058860595 0.74732998304506
0.385676115079501 0.741945341501244
0.393197312808305 0.742759146068109
0.40073911446276 0.74351927557357
0.403780466522495 0.754899347426802
0.406040287227801 0.749562278244819
0.408300107933108 0.744225209062835
0.415878867956478 0.744876462724351
0.423473957093691 0.74547259022139
0.427700086384908 0.756612704621517
0.429392006549659 0.75131294380973
0.431083926714411 0.746013182997943
0.438707317989959 0.746497870558724
0.446342662893127 0.746926320723089
0.451735407178026 0.757844132756166
0.452861946191155 0.752571186304432
0.453988485204285 0.747298239852697
0.461643301523113 0.747613373052755
0.469305622285248 0.747871504346709
0.475848260516236 0.758586039666807
0.476411106649694 0.753329248245535
0.476973952783153 0.748072456824263
0.484646794190522 0.748216092762628
0.492322644589495 0.748302313720906
0.5 0.758833851250627
0.5 0.753582455929093
0.5 0.748331060607558
0.507677355410505 0.748302313720906
0.515353205809478 0.748216092762628
0.524151739483764 0.758586039666807
0.523588893350306 0.753329248245536
0.523026047216847 0.748072456824263
0.530694377714752 0.747871504346709
0.538356698476887 0.747613373052755
0.548264592821974 0.757844132756166
0.547138053808845 0.752571186304432
0.546011514795715 0.747298239852697
0.553657337106874 0.746926320723089
0.561292682010041 0.746497870558723
0.572299913615093 0.756612704621517
0.570607993450341 0.75131294380973
0.568916073285589 0.746013182997943
0.576526042906309 0.74547259022139
0.584121132043522 0.744876462724351
0.596219533477506 0.754899347426802
0.593959712772199 0.749562278244818
0.591699892066892 0.744225209062835
0.59926088553724 0.74351927557357
0.606802687191695 0.742759146068109
0.619985997358312 0.752714624588876
0.617154941139405 0.74732998304506
0.614323884920499 0.741945341501244
0.621823080734795 0.741078419613976
0.62929889172474 0.740158974551262
0.643562794464165 0.750072005650528
0.640156372735722 0.744629821052675
0.636749951007278 0.739187636454822
0.644174908662943 0.738165071031266
0.651572432661014 0.737091979095858
0.666914583360459 0.746987783236273
0.662927896566446 0.74147843966424
0.658941209772433 0.735969096092208
0.666279946469819 0.734797191588238
0.673587369813994 0.733577068748757
0.690007409863021 0.743480972602903
0.685434819094702 0.737895268193958
0.680862228326384 0.732309563785012
0.688103292846726 0.730995545381593
0.695309357375473 0.729635914101076
0.712808916376948 0.739573194404106
0.707644078138634 0.733902398085466
0.702479239900319 0.728231601766826
0.709611783206302 0.72678357082437
0.716705855668891 0.725292813681785
0.735288541391945 0.735288541391945
0.729524446710748 0.729524446710748
0.723760352029551 0.723760352029551
NaN NaN
NaN NaN
0.246580747045302 0.753419252954698
0.25276405548608 0.74723594451392
0.258947363926859 0.741052636073141
0.266603571086197 0.742489167389628
0.274296876929031 0.743886604850774
0.27094530739168 0.757410439985754
0.276485776388209 0.75132721535425
0.282026245384737 0.745243990722745
0.28979061566718 0.74656039472107
0.297588903001719 0.747834914648202
0.295609702814651 0.761050565247478
0.300514851091656 0.755058621129663
0.305419999368661 0.749066677011848
0.313282774262642 0.750254837623612
0.321176075467415 0.751398582177559
0.32054546503377 0.764317186157164
0.324822097439649 0.758407156482735
0.329098729845528 0.752497126808305
0.337049544142328 0.753549718628232
0.345027305803759 0.754555636243487
0.34572245270206 0.767190162910645
0.349376618254726 0.761352176579513
0.353030783807392 0.755514190248381
0.361058729506096 0.75642472369788
0.369109877483809 0.757286612557841
0.37110903723743 0.769651782650872
0.374145991830106 0.763875524391782
0.377182946422782 0.758099266132692
0.385276639981737 0.758862127470264
0.39338964768431 0.759574673743503
0.396672297823408 0.771686868673576
0.399096471820298 0.765961642641181
0.401520645817188 0.760236416608786
0.409668298337316 0.760846902540608
0.417831257787554 0.761405713142405
0.422378224376918 0.773282873996692
0.424193195298537 0.767597669714998
0.426008166220156 0.761912465433304
0.434197656127441 0.762366812110599
0.442398351379014 0.76276844178777
0.448191927231753 0.774429958716677
0.449400397698324 0.768773518962289
0.450608868164896 0.7631170792079
0.458827815943919 0.763412485432316
0.467053798396734 0.763654458004347
0.474077852244969 0.775121050674789
0.474681633313873 0.769481940881434
0.475285414382777 0.763842831088079
0.483521258900542 0.76397747558201
0.4917599240505 0.764058299207529
0.5 0.775351889059293
0.5 0.769718567815727
0.5 0.764085246572162
0.5082400759495 0.764058299207529
0.516478741099458 0.76397747558201
0.525922147755031 0.775121050674789
0.525318366686128 0.769481940881434
0.524714585617224 0.763842831088079
0.532946201603266 0.763654458004347
0.541172184056081 0.763412485432316
0.551808072768247 0.774429958716677
0.550599602301676 0.768773518962288
0.549391131835104 0.7631170792079
0.557601648620986 0.76276844178777
0.565802343872559 0.762366812110598
0.577621775623082 0.773282873996692
0.575806804701463 0.767597669714998
0.573991833779844 0.761912465433304
0.582168742212446 0.761405713142405
0.590331701662684 0.760846902540607
0.603327702176592 0.771686868673576
0.600903528179702 0.765961642641181
0.598479354182812 0.760236416608786
0.60661035231569 0.759574673743503
0.614723360018263 0.758862127470264
0.62889096276257 0.769651782650872
0.625854008169894 0.763875524391782
0.622817053577218 0.758099266132691
0.630890122516191 0.757286612557841
0.638941270493904 0.75642472369788
0.65427754729794 0.767190162910645
0.650623381745274 0.761352176579513
0.646969216192609 0.755514190248381
0.654972694196241 0.754555636243487
0.662950455857673 0.753549718628233
0.67945453496623 0.764317186157164
0.675177902560351 0.758407156482735
0.670901270154472 0.752497126808305
0.678823924532585 0.751398582177559
0.686717225737358 0.750254837623611
0.70439029718535 0.761050565247478
0.699485148908344 0.755058621129663
0.694580000631339 0.749066677011848
0.702411096998281 0.747834914648202
0.710209384332821 0.74656039472107
0.72905469260832 0.757410439985755
0.723514223611792 0.75132721535425
0.717973754615263 0.745243990722746
0.725703123070969 0.743886604850774
0.733396428913803 0.742489167389629
0.753419252954698 0.753419252954698
0.74723594451392 0.74723594451392
0.741052636073141 0.741052636073141
NaN NaN
NaN NaN
0.227131416657133 0.772868583342867
0.233764427630828 0.766235572369172
0.240397438604524 0.759602561395476
0.248699118065438 0.760936185510129
0.257035238612574 0.762233516292628
0.253518000788594 0.776544961062418
0.259461419591873 0.770019312839838
0.265404838395152 0.763493664617259
0.273806932617396 0.764715766841305
0.282240514213465 0.765898985396948
0.280180770171849 0.77989796739974
0.285442662354747 0.773470238382516
0.290704554537645 0.767042509365292
0.299198004069331 0.76814555503213
0.307719793132315 0.769207366425061
0.307093501993702 0.782906929955777
0.311681167310797 0.776567072893685
0.316268832627892 0.770227215831594
0.324844014781269 0.771204404297888
0.333444213900784 0.772138262107781
0.334228432339408 0.785553297475789
0.338148359744401 0.779290723358783
0.342068287149394 0.773028149241777
0.350715075327922 0.773873455815684
0.359383403669511 0.774673602498602
0.361556427366429 0.787820754224009
0.364814255005592 0.781624397566986
0.368072082644754 0.775428040909962
0.376779908776935 0.776136253995362
0.385505665466833 0.776797756380929
0.389047162924269 0.789695320575578
0.391647643375393 0.783553707640774
0.394248123826518 0.777412094705971
0.403006043521572 0.777978847933687
0.411778173621148 0.778497627639724
0.416669311512942 0.791165439205582
0.41861628248412 0.785066758741984
0.420563253455299 0.778968078278386
0.429360013478974 0.779389877426304
0.438167176142107 0.779762736003412
0.444390735427427 0.792222046343804
0.445687096096304 0.786154222407434
0.446983456765181 0.780086398471066
0.455807564419684 0.780360643007177
0.464638202812848 0.780585281658239
0.472178684897309 0.792858627655878
0.472826378036687 0.78680939406201
0.473474071176065 0.780760160468143
0.482313865156363 0.780885159583687
0.491156277710353 0.780960193336721
0.5 0.79307125840633
0.5 0.787028234354594
0.5 0.780985210302858
0.508843722289647 0.780960193336721
0.517686134843636 0.780885159583687
0.527821315102691 0.792858627655878
0.527173621963313 0.78680939406201
0.526525928823935 0.780760160468143
0.535361797187152 0.780585281658239
0.544192435580316 0.780360643007177
0.555609264572573 0.792222046343803
0.554312903903696 0.786154222407434
0.553016543234819 0.780086398471066
0.561832823857893 0.779762736003412
0.570639986521026 0.779389877426304
0.583330688487058 0.791165439205582
0.58138371751588 0.785066758741984
0.579436746544701 0.778968078278386
0.588221826378852 0.778497627639724
0.596993956478428 0.777978847933687
0.610952837075731 0.789695320575578
0.608352356624606 0.783553707640774
0.605751876173482 0.777412094705971
0.614494334533168 0.776797756380929
0.623220091223065 0.776136253995362
0.638443572633572 0.787820754224009
0.635185744994409 0.781624397566986
0.631927917355246 0.775428040909962
0.640616596330489 0.774673602498602
0.649284924672078 0.773873455815684
0.665771567660592 0.785553297475789
0.661851640255599 0.779290723358783
0.657931712850606 0.773028149241777
0.666555786099216 0.772138262107781
0.675155985218731 0.771204404297888
0.692906498006298 0.782906929955777
0.688318832689203 0.776567072893686
0.683731167372108 0.770227215831594
0.692280206867685 0.769207366425061
0.700801995930669 0.76814555503213
0.719819229828152 0.77989796739974
0.714557337645253 0.773470238382516
0.709295445462355 0.767042509365292
0.717759485786535 0.765898985396948
0.726193067382604 0.764715766841305
0.746481999211406 0.776544961062418
0.740538580408127 0.770019312839838
0.734595161604848 0.763493664617259
0.742964761387426 0.762233516292628
0.751300881934562 0.760936185510129
0.772868583342867 0.772868583342867
0.766235572369172 0.766235572369172
0.759602561395476 0.759602561395476
NaN NaN
NaN NaN
0.206267566320156 0.793732433679844
0.213382986001796 0.786617013998204
0.220498405683437 0.779501594316563
0.229492501655767 0.780724826946532
0.238518187834073 0.781914770445288
0.234823232923241 0.797071106489823
0.241198907454278 0.79007085788741
0.247574581985316 0.783070609284997
0.256660780830741 0.784191551311454
0.265775860664948 0.785276828286986
0.263629714937858 0.800116112184036
0.269274296463404 0.7932209043005
0.27491887798895 0.786325696416964
0.284088870156798 0.787337436859565
0.293284856035334 0.788311356218427
0.292663198327451 0.80284867728981
0.297584517502029 0.79604773215384
0.302505836676608 0.789246787017869
0.311750796002508 0.790143088160347
0.321018701501132 0.790999645365831
0.321898469516502 0.805251954634597
0.326103487225458 0.798533913113697
0.330308504934414 0.791815871592796
0.33961914305654 0.792591207440558
0.348949538342638 0.793325121532657
0.351309070840605 0.807311127214398
0.354803835283936 0.800664119047715
0.358298599727266 0.794017110881033
0.367665223352168 0.794666701230752
0.377048293322808 0.795273447385038
0.380867463666773 0.809013499545512
0.383657073069959 0.802425216527947
0.386446682473144 0.795836933510382
0.395859253138135 0.796356773421542
0.405284857933436 0.796832610846209
0.410545198178259 0.810348575936422
0.412633769360011 0.803806347802801
0.414722340541763 0.797264119669181
0.424170536505372 0.797651004155865
0.433628274024117 0.797992999154958
0.440313088777144 0.81130812519722
0.441703731767847 0.804798997738696
0.443094374758551 0.798289870280173
0.452567654637494 0.798541414070868
0.46204692466954 0.798747458131494
0.470141394023247 0.811886231387631
0.470836192890589 0.805397046318688
0.471530991757931 0.798907861249744
0.481018659518247 0.799022513493334
0.490508729098346 0.799091336285342
0.5 0.812079330290751
0.5 0.805596806374408
0.5 0.799114282458065
0.509491270901654 0.799091336285342
0.518981340481752 0.799022513493334
0.529858605976753 0.811886231387631
0.529163807109411 0.805397046318688
0.528469008242068 0.798907861249744
0.53795307533046 0.798747458131494
0.547432345362506 0.798541414070868
0.559686911222856 0.81130812519722
0.558296268232153 0.804798997738697
0.556905625241449 0.798289870280173
0.566371725975883 0.797992999154958
0.575829463494628 0.797651004155864
0.589454801821741 0.810348575936422
0.587366230639989 0.803806347802801
0.585277659458237 0.797264119669181
0.594715142066564 0.796832610846209
0.604140746861866 0.796356773421542
0.619132536333227 0.809013499545512
0.616342926930042 0.802425216527947
0.613553317526856 0.795836933510382
0.622951706677192 0.795273447385038
0.632334776647831 0.794666701230752
0.648690929159395 0.807311127214398
0.645196164716064 0.800664119047715
0.641701400272734 0.794017110881033
0.651050461657362 0.793325121532657
0.660380856943461 0.792591207440558
0.678101530483498 0.805251954634598
0.673896512774542 0.798533913113697
0.669691495065586 0.791815871592796
0.678981298498868 0.790999645365831
0.688249203997492 0.790143088160347
0.707336801672549 0.80284867728981
0.702415482497971 0.79604773215384
0.697494163323393 0.789246787017869
0.706715143964667 0.788311356218427
0.715911129843202 0.787337436859565
0.736370285062142 0.800116112184036
0.730725703536596 0.7932209043005
0.72508112201105 0.786325696416964
0.734224139335052 0.785276828286986
0.743339219169259 0.784191551311454
0.765176767076759 0.797071106489823
0.758801092545722 0.79007085788741
0.752425418014685 0.783070609284997
0.761481812165927 0.781914770445288
0.770507498344233 0.780724826946532
0.793732433679844 0.793732433679844
0.786617013998204 0.786617013998204
0.779501594316563 0.779501594316563
NaN NaN
NaN NaN
0.183886320169463 0.816113679830537
0.191519233403989 0.80848076659601
0.199152146638515 0.800847853361485
0.208889017512433 0.801952665903514
0.218654420371938 0.803027412006196
0.214768823283282 0.819090086971173
0.221608190837743 0.811580721031705
0.228447558392204 0.804071355092237
0.238267615740108 0.805083779695191
0.248113758133368 0.806063991949809
0.245874926858827 0.821804691608214
0.25193003013557 0.814408005837893
0.257985133412312 0.807011320067572
0.267880872123911 0.80792511479711
0.277800088117653 0.808804749869159
0.277183400822807 0.824240757301374
0.28246263998784 0.816945189863577
0.287741879152873 0.809649622425781
0.297705327517099 0.810459153433526
0.307689500655005 0.81123278808028
0.308671767421191 0.826383264895582
0.313182609614368 0.81917663052554
0.317693451807545 0.811969996155499
0.327716220660806 0.812670272413593
0.337756834004165 0.813333136920194
0.340316439802034 0.828219005119062
0.344065373099654 0.821088570250071
0.347814306397275 0.81395813538108
0.35788764084544 0.814544839453526
0.367975829482903 0.815092847039867
0.372092867436268 0.829736660022892
0.375085360849928 0.822669221292984
0.378077854263587 0.815601782563077
0.388192687658816 0.816071297224169
0.398319293361528 0.816501069241249
0.403975687479874 0.830926872759918
0.406216157238191 0.82390883841498
0.408456626996507 0.816890804070042
0.418603636836153 0.817240234605766
0.428759264521274 0.817549121366185
0.43593888114425 0.83178230527283
0.437430663465345 0.824799778964287
0.43892244578644 0.817817252655743
0.449092111189374 0.818044444710649
0.459267186843895 0.818230541824814
0.467955934110695 0.832297683535726
0.4687012646333 0.82533654999615
0.469446595155905 0.818375416456574
0.479629255561919 0.818478969316093
0.48981408526963 0.818541129433413
0.5 0.832469830070235
0.5 0.825515842138664
0.5 0.818561854207094
0.51018591473037 0.818541129433413
0.520370744438081 0.818478969316093
0.532044065889305 0.832297683535726
0.5312987353667 0.82533654999615
0.530553404844095 0.818375416456574
0.540732813156105 0.818230541824814
0.550907888810626 0.818044444710649
0.56406111885575 0.83178230527283
0.562569336534655 0.824799778964287
0.56107755421356 0.817817252655744
0.571240735478726 0.817549121366185
0.581396363163848 0.817240234605766
0.596024312520126 0.830926872759918
0.59378384276181 0.82390883841498
0.591543373003493 0.816890804070042
0.601680706638473 0.816501069241249
0.611807312341184 0.816071297224169
0.627907132563732 0.829736660022892
0.624914639150072 0.822669221292984
0.621922145736413 0.815601782563077
0.632024170517098 0.815092847039867
0.64211235915456 0.814544839453527
0.659683560197966 0.828219005119062
0.655934626900346 0.821088570250072
0.652185693602725 0.81395813538108
0.662243165995835 0.813333136920194
0.672283779339194 0.812670272413593
0.69132823257881 0.826383264895582
0.686817390385632 0.81917663052554
0.682306548192455 0.811969996155499
0.692310499344995 0.81123278808028
0.702294672482902 0.810459153433526
0.722816599177193 0.824240757301374
0.71753736001216 0.816945189863577
0.712258120847127 0.809649622425781
0.722199911882347 0.808804749869159
0.732119127876089 0.80792511479711
0.754125073141173 0.821804691608214
0.74806996986443 0.814408005837893
0.742014866587688 0.807011320067572
0.751886241866632 0.806063991949809
0.761732384259892 0.805083779695192
0.785231176716718 0.819090086971173
0.778391809162257 0.811580721031704
0.771552441607797 0.804071355092237
0.781345579628062 0.803027412006196
0.791110982487567 0.801952665903514
0.816113679830537 0.816113679830537
0.80848076659601 0.80848076659601
0.800847853361485 0.800847853361485
NaN NaN
NaN NaN
0.159877320336383 0.840122679663617
0.16806536363566 0.83193463636434
0.176253406934937 0.823746593065063
0.186787073589044 0.824724373007905
0.197345991588673 0.825675543584698
0.193255887209193 0.842710474108775
0.200592671469007 0.834654963509708
0.207929455728821 0.826599452910641
0.218536743981783 0.827495467784432
0.229167117992 0.828362974122233
0.226828860292393 0.845070648126847
0.233324341937239 0.837136012752691
0.239819823582085 0.829201377378534
0.250494091269704 0.830010102953622
0.261189136794937 0.830788596587385
0.260577781403639 0.847188650460174
0.266240971530707 0.839362487599673
0.271904161657774 0.831536324739171
0.282638353665363 0.832252774953457
0.293390887488649 0.832937456211052
0.294483107582484 0.849051422920064
0.299322016405249 0.841320661092844
0.304160925228013 0.833589899265623
0.314947616987526 0.834209656965291
0.325750101457425 0.834796304559087
0.32852433157923 0.850647480894868
0.332545919041822 0.842998460441461
0.336567506504413 0.835349439988053
0.347398949769375 0.835868684160795
0.358243539272101 0.836353681213296
0.36268010828894 0.851966984156427
0.365890241155774 0.844385541454613
0.369100374022609 0.8368040987528
0.379968544638632 0.837219628085625
0.390847133968871 0.837599984428724
0.396928386351109 0.853001797528354
0.399331802036333 0.845473352316605
0.401735217721558 0.837944907104856
0.412631865097923 0.83825415972125
0.423536139430117 0.838527530331609
0.431246544103636 0.853745541042102
0.432846821463396 0.846255186311738
0.434447098823155 0.838764831581373
0.445363796800446 0.838965900836119
0.45628528295246 0.839130600293022
0.46561152905289 0.854193629271588
0.46641106632049 0.846726223173445
0.46721060358809 0.839258817075302
0.478138802388267 0.839350463309581
0.489068921061372 0.839405476186108
0.5 0.854343299603873
0.5 0.846883558802839
0.5 0.839423818001805
0.510931078938628 0.839405476186108
0.521861197611733 0.839350463309581
0.53438847094711 0.854193629271588
0.53358893367951 0.846726223173445
0.53278939641191 0.839258817075302
0.54371471704754 0.839130600293022
0.554636203199554 0.838965900836119
0.568753455896364 0.853745541042102
0.567153178536604 0.846255186311738
0.565552901176845 0.838764831581373
0.576463860569883 0.838527530331609
0.587368134902077 0.83825415972125
0.603071613648891 0.853001797528354
0.600668197963667 0.845473352316605
0.598264782278442 0.837944907104856
0.60915286603113 0.837599984428723
0.620031455361368 0.837219628085625
0.63731989171106 0.851966984156426
0.634109758844226 0.844385541454613
0.630899625977391 0.8368040987528
0.641756460727899 0.836353681213295
0.652601050230625 0.835868684160795
0.67147566842077 0.850647480894868
0.667454080958179 0.842998460441461
0.663432493495587 0.835349439988053
0.674249898542575 0.834796304559087
0.685052383012474 0.834209656965292
0.705516892417516 0.849051422920064
0.700677983594751 0.841320661092844
0.695839074771987 0.833589899265623
0.706609112511351 0.832937456211052
0.717361646334637 0.832252774953457
0.739422218596361 0.847188650460174
0.733759028469293 0.839362487599673
0.728095838342226 0.831536324739171
0.738810863205063 0.830788596587385
0.749505908730297 0.830010102953622
0.773171139707607 0.845070648126847
0.766675658062762 0.837136012752691
0.760180176417915 0.829201377378534
0.770832882008001 0.828362974122234
0.781463256018217 0.827495467784432
0.806744112790808 0.842710474108775
0.799407328530993 0.834654963509708
0.79207054427118 0.826599452910641
0.802654008411327 0.825675543584698
0.813212926410956 0.824724373007905
0.840122679663617 0.840122679663617
0.83193463636434 0.83193463636434
0.823746593065063 0.823746593065063
NaN NaN
NaN NaN
0.134122182793828 0.865877817206172
0.142905729915467 0.857094270084533
0.151689277037106 0.848310722962894
0.163077689205593 0.849152231420577
0.174487833483621 0.849970839013144
0.170178348311927 0.868048735750941
0.178048725630653 0.859407360229391
0.185919102949378 0.850765984707842
0.197370876202902 0.851537123551529
0.208842517791958 0.852283727044163
0.206397602535988 0.870028701955097
0.213365490591768 0.86151699272805
0.220333378647547 0.853005283501002
0.231842796528747 0.853701298403295
0.243370096476574 0.854371294737192
0.242764460769986 0.871805508668586
0.248839526023279 0.86341016099463
0.254914591276572 0.855014813320675
0.266475581929789 0.855631413118251
0.278052358131842 0.856220671543217
0.279262528290094 0.87336820128717
0.284453363524907 0.865075193017228
0.28964419875972 0.856782184747285
0.301250372366007 0.857315567897351
0.31287013768018 0.857820455439248
0.315874601423602 0.874707145291209
0.32018867277012 0.866501823319742
0.324502744116638 0.858296501348275
0.336147432289117 0.858743379366344
0.347803434531133 0.859160783225584
0.352582773615283 0.875814085645673
0.356026374518694 0.867681256251956
0.359469975422105 0.85954842685824
0.371146272318789 0.859906044592729
0.382831535891661 0.860233391335719
0.389368545827263 0.876682197695181
0.391946758246574 0.868606220217642
0.394524970665885 0.860530242740103
0.406225775566492 0.860796395358759
0.417933144467397 0.861031666783974
0.426212940591734 0.877306129240273
0.427929603667805 0.86927101250637
0.429646266743876 0.861235895772467
0.441364327828131 0.861408942355889
0.453086509767549 0.861550687936758
0.463096619013362 0.877682033535494
0.463954305399326 0.869671534452613
0.46481199178529 0.861661035369732
0.476539950842805 0.861739909028191
0.488269562203907 0.861787254856072
0.5 0.877807593005864
0.5 0.869805316705386
0.5 0.861803040404908
0.511730437796093 0.861787254856072
0.523460049157195 0.861739909028191
0.536903380986638 0.877682033535494
0.536045694600674 0.869671534452613
0.53518800821471 0.861661035369732
0.546913490232452 0.861550687936758
0.558635672171869 0.861408942355889
0.573787059408265 0.877306129240273
0.572070396332195 0.86927101250637
0.570353733256123 0.861235895772467
0.582066855532603 0.861031666783974
0.593774224433508 0.860796395358759
0.610631454172737 0.876682197695181
0.608053241753426 0.868606220217643
0.605475029334115 0.860530242740104
0.617168464108339 0.860233391335719
0.628853727681211 0.859906044592729
0.647417226384717 0.875814085645673
0.643973625481306 0.867681256251957
0.640530024577894 0.85954842685824
0.652196565468867 0.859160783225584
0.663852567710883 0.858743379366345
0.684125398576398 0.874707145291209
0.67981132722988 0.866501823319742
0.675497255883362 0.858296501348275
0.68712986231982 0.857820455439248
0.698749627633993 0.857315567897351
0.720737471709907 0.87336820128717
0.715546636475093 0.865075193017227
0.71035580124028 0.856782184747285
0.721947641868158 0.856220671543217
0.733524418070211 0.855631413118251
0.757235539230014 0.871805508668586
0.751160473976721 0.86341016099463
0.745085408723429 0.855014813320675
0.756629903523426 0.854371294737192
0.768157203471253 0.853701298403295
0.793602397464013 0.870028701955097
0.786634509408233 0.86151699272805
0.779666621352453 0.853005283501002
0.791157482208042 0.852283727044163
0.802629123797098 0.851537123551529
0.829821651688073 0.868048735750941
0.821951274369347 0.859407360229391
0.814080897050622 0.850765984707842
0.825512166516379 0.849970839013144
0.836922310794408 0.849152231420577
0.865877817206172 0.865877817206172
0.857094270084533 0.857094270084533
0.848310722962894 0.848310722962894
NaN NaN
NaN NaN
0.106493913626116 0.893506086373884
0.115916274649153 0.884083725350847
0.12533863567219 0.87466136432781
0.137643957684477 0.875356690484364
0.149967236621693 0.876033093990316
0.145422415429467 0.89522981027384
0.153865193211335 0.885959960773165
0.162307970993201 0.876690111272491
0.174665647345283 0.877327292044063
0.187039740613032 0.877944199613158
0.18448041076032 0.896801916733307
0.191955062620264 0.887671163957726
0.199429714480208 0.878540411182144
0.211835021746801 0.879115518137394
0.224255104704055 0.879669126329327
0.223655604666067 0.898212713193184
0.23017250009138 0.889206784767863
0.236689395516693 0.880200856342541
0.249137316612087 0.880710343755847
0.261598281076089 0.88119723939202
0.262934979625915 0.89945350162416
0.268503336340598 0.890557355590636
0.274071693055281 0.881661209557113
0.286556948165339 0.88210193626915
0.299053433905249 0.882519117476058
0.30230487580823 0.900516632152951
0.306932702942656 0.891714549707814
0.311560530077083 0.882912467262676
0.324077609211055 0.883281716046708
0.336604036995555 0.883626610763483
0.341751075287937 0.901395550226323
0.345445123999905 0.892671232632856
0.349139172711872 0.883946915039389
0.361682369673318 0.884242409353875
0.374232975668427 0.884512891189899
0.381258889704763 0.902084837022082
0.384024611556357 0.893421506097401
0.386790333407952 0.88475817517272
0.399353780975339 0.88497809319695
0.411922652280369 0.885172494541759
0.420813250821855 0.902580242857922
0.422654764168759 0.893960744416049
0.424496277515663 0.885341245974176
0.43707398361574 0.8854842318404
0.449655094718292 0.885601354145059
0.460398803426478 0.902878713392125
0.461318868026938 0.89428562300525
0.462238932627398 0.885692532618375
0.474824817278316 0.88575770477118
0.487412067203572 0.885796825937733
0.5 0.902978408454597
0.5 0.894394138880469
0.5 0.885809869306342
0.512587932796428 0.885796825937733
0.525175182721683 0.88575770477118
0.539601196573523 0.902878713392125
0.538681131973062 0.89428562300525
0.537761067372602 0.885692532618376
0.550344905281708 0.885601354145058
0.56292601638426 0.8854842318404
0.579186749178145 0.902580242857922
0.577345235831241 0.893960744416049
0.575503722484337 0.885341245974176
0.588077347719632 0.885172494541759
0.600646219024661 0.88497809319695
0.618741110295237 0.902084837022082
0.615975388443643 0.893421506097401
0.613209666592048 0.88475817517272
0.625767024331574 0.884512891189899
0.638317630326682 0.884242409353875
0.658248924712063 0.901395550226323
0.654554876000095 0.892671232632856
0.650860827288128 0.883946915039389
0.663395963004446 0.883626610763483
0.675922390788945 0.883281716046708
0.697695124191771 0.900516632152951
0.693067297057344 0.891714549707814
0.688439469922917 0.882912467262676
0.700946566094752 0.882519117476058
0.713443051834662 0.88210193626915
0.737065020374085 0.89945350162416
0.731496663659402 0.890557355590636
0.72592830694472 0.881661209557113
0.738401718923912 0.88119723939202
0.750862683387914 0.880710343755847
0.776344395333933 0.898212713193185
0.76982749990862 0.889206784767863
0.763310604483307 0.880200856342541
0.775744895295946 0.879669126329327
0.7881649782532 0.879115518137394
0.81551958923968 0.896801916733307
0.808044937379736 0.887671163957726
0.800570285519792 0.878540411182144
0.812960259386968 0.877944199613158
0.825334352654717 0.877327292044063
0.854577584570533 0.89522981027384
0.846134806788666 0.885959960773165
0.837692029006799 0.876690111272491
0.850032763378307 0.876033093990316
0.862356042315523 0.875356690484364
0.893506086373884 0.893506086373884
0.884083725350847 0.884083725350847
0.87466136432781 0.87466136432781
NaN NaN
NaN NaN
0.076856282844982 0.923143717155018
0.0869639177240306 0.91303608227597
0.0970715526030793 0.902928447396921
0.110360469904857 0.90346695963794
0.123663294383568 0.903990816772309
0.118866021543226 0.924387722629986
0.127922829595413 0.91444369120225
0.1369796376476 0.904499659774514
0.150309102040243 0.904993139908981
0.163651280912216 0.905470918969073
0.160969215264741 0.925522306331506
0.168987487082558 0.915727487920197
0.177005758900376 0.905932669508889
0.190372112212373 0.906378075067673
0.203749908917109 0.906806830386706
0.203156990785482 0.92654047317377
0.210147850013118 0.916879557396138
0.217138709240753 0.907218641618507
0.230538065868144 0.907613226528228
0.243947524249358 0.907990314687083
0.245419953406486 0.927435945819621
0.251393288158859 0.917892796738652
0.257366622911232 0.908349647657683
0.270794893773639 0.90869097917116
0.284231862470282 0.909014075295944
0.287748244875312 0.928203203382422
0.292712646774557 0.918760958990256
0.297677048673803 0.909318714598089
0.311129966424975 0.909604688293036
0.324590124465756 0.909871800388699
0.330131604165451 0.92883751546416
0.33409431537071 0.919478691641975
0.33805702657597 0.91011986781979
0.351530171913392 0.910348720573282
0.365009055357002 0.910558201804931
0.372559430738962 0.929334971319921
0.375526299296065 0.920041569633342
0.378493167853168 0.910748167946763
0.391981996764529 0.910918488805474
0.405475026221324 0.911069047651655
0.415020849902316 0.929692503968933
0.416996293688634 0.920446122634363
0.418971737474951 0.911199741299794
0.432471609253489 0.911310480178993
0.44597411811895 0.911401188394354
0.457504779852496 0.929907909103522
0.458491759339257 0.920689856441261
0.459478738826017 0.911471803779
0.472984944682025 0.91152227793667
0.486492207907925 0.911552576274901
0.5 0.929979858679406
0.5 0.920771268354064
0.5 0.911562678028724
0.513507792092075 0.911552576274901
0.527015055317975 0.91152227793667
0.542495220147504 0.929907909103522
0.541508240660743 0.92068985644126
0.540521261173982 0.911471803778999
0.55402588188105 0.911401188394354
0.567528390746511 0.911310480178993
0.584979150097684 0.929692503968932
0.583003706311367 0.920446122634363
0.581028262525049 0.911199741299794
0.594524973778677 0.911069047651655
0.608018003235472 0.910918488805474
0.627440569261038 0.929334971319921
0.624473700703935 0.920041569633342
0.621506832146832 0.910748167946763
0.634990944642998 0.910558201804931
0.648469828086608 0.910348720573282
0.669868395834549 0.92883751546416
0.66590568462929 0.919478691641975
0.661942973424031 0.91011986781979
0.675409875534244 0.909871800388699
0.688870033575025 0.909604688293036
0.712251755124688 0.928203203382422
0.707287353225443 0.918760958990255
0.702322951326197 0.909318714598089
0.715768137529718 0.909014075295944
0.729205106226361 0.90869097917116
0.754580046593515 0.927435945819621
0.748606711841141 0.917892796738652
0.742633377088768 0.908349647657683
0.756052475750642 0.907990314687083
0.769461934131856 0.907613226528228
0.796843009214518 0.92654047317377
0.789852149986883 0.916879557396138
0.782861290759247 0.907218641618507
0.796250091082891 0.906806830386706
0.809627887787627 0.906378075067673
0.839030784735259 0.925522306331506
0.831012512917442 0.915727487920197
0.822994241099625 0.905932669508889
0.836348719087784 0.905470918969073
0.849690897959758 0.904993139908981
0.881133978456775 0.924387722629986
0.872077170404587 0.914443691202251
0.8630203623524 0.904499659774515
0.876336705616432 0.903990816772309
0.889639530095143 0.90346695963794
0.923143717155018 0.923143717155018
0.91303608227597 0.91303608227597
0.902928447396921 0.902928447396921
NaN NaN
NaN NaN
0.0450631526641976 0.954936847335802
0.0559059003150655 0.944094099684934
0.0667486479659333 0.933251352034067
0.0810926959330104 0.933621645524149
0.0954463067970681 0.933981861823454
0.0903782218876972 0.955666245200993
0.100093717689368 0.944998999629357
0.109809213491038 0.934331754057722
0.124181142576956 0.934671082428294
0.138561814433357 0.934999614376453
0.135748086605137 0.956331485785878
0.14434951502603 0.945824305264346
0.152950943446924 0.935317124742815
0.16734823820822 0.935623395921632
0.181753401711419 0.935918218009939
0.1811675441781 0.956928467661037
0.188666837867973 0.946564928306219
0.196166131557847 0.936201388951402
0.210586120163239 0.936472714674802
0.225013054968539 0.936732009227043
0.226631086211722 0.957453510234693
0.233038852432917 0.947216302567641
0.239446618654112 0.93697909490059
0.253886489357221 0.937213802355264
0.268332340892611 0.937435970734301
0.27213293251578 0.957903376444786
0.277458387745923 0.947774412109687
0.282783842976066 0.937645447774589
0.297240661450767 0.93784208991103
0.311702458516304 0.938025762374927
0.317667066741487 0.958275292716534
0.321917979850839 0.94823581600144
0.326168892960191 0.938196339286345
0.340639620391714 0.938353703740393
0.355114293477959 0.938497747887332
0.36322727347428 0.958566966062447
0.36640991782807 0.948597669534473
0.369592562181859 0.938628373006499
0.384074074002088 0.938745489573964
0.398558474214653 0.938849017323881
0.408807176553924 0.958776598219356
0.410926291334961 0.948857741761429
0.413045406115998 0.938938885303501
0.427534511267477 0.9390150319218
0.442025429741004 0.93907740499169
0.454400278385651 0.958902896735305
0.455459039375693 0.949014429250544
0.456517800365735 0.939125961765783
0.471011260975594 0.939160668965693
0.485505448657481 0.939181502804838
0.5 0.958945082937944
0.5 0.949066765971345
0.5 0.939188449004746
0.514494551342519 0.939181502804838
0.528988739024406 0.939160668965693
0.54559972161435 0.958902896735305
0.544540960624307 0.949014429250544
0.543482199634264 0.939125961765783
0.557974570258996 0.93907740499169
0.572465488732523 0.9390150319218
0.591192823446076 0.958776598219356
0.589073708665039 0.948857741761429
0.586954593884002 0.938938885303501
0.601441525785347 0.938849017323881
0.615925925997912 0.938745489573964
0.63677272652572 0.958566966062447
0.633590082171931 0.948597669534473
0.630407437818141 0.938628373006499
0.644885706522041 0.938497747887331
0.659360379608286 0.938353703740392
0.682332933258513 0.958275292716534
0.678082020149161 0.94823581600144
0.673831107039808 0.938196339286345
0.688297541483696 0.938025762374927
0.702759338549233 0.93784208991103
0.72786706748422 0.957903376444786
0.722541612254077 0.947774412109687
0.717216157023934 0.937645447774589
0.73166765910739 0.9374359707343
0.74611351064278 0.937213802355264
0.773368913788278 0.957453510234693
0.766961147567083 0.947216302567641
0.760553381345888 0.93697909490059
0.774986945031461 0.936732009227043
0.789413879836761 0.936472714674802
0.8188324558219 0.956928467661037
0.811333162132027 0.946564928306219
0.803833868442154 0.936201388951402
0.818246598288582 0.935918218009939
0.83265176179178 0.935623395921632
0.864251913394863 0.956331485785878
0.85565048497397 0.945824305264346
0.847049056553077 0.935317124742814
0.861438185566643 0.934999614376454
0.875818857423045 0.934671082428294
0.909621778112303 0.955666245200993
0.899906282310632 0.944998999629358
0.890190786508962 0.934331754057722
0.904553693202932 0.933981861823454
0.91890730406699 0.93362164552415
0.954936847335802 0.954936847335802
0.944094099684934 0.944094099684934
0.933251352034067 0.933251352034067
NaN NaN
NaN NaN
0.0109577569206305 0.989042243079369
0.0225890809669801 0.97741091903302
0.0342204050133297 0.96577959498667
0.0496963216796061 0.965969435434239
0.0651771410100973 0.966154109551696
0.0598185482855529 0.989219606713129
0.0702406371857898 0.977776548742879
0.0806627260860267 0.966333490772628
0.0961529367224134 0.966507456158105
0.111647629564149 0.966675886480942
0.10869266396685 0.989381369576842
0.117919661075547 0.978110017942126
0.127146658184244 0.96683866630741
0.142649873184186 0.966995684076345
0.158157122296323 0.967146832175612
0.157578838867791 0.989526534348663
0.165623544678009 0.978409270682259
0.173668250488227 0.967292007015855
0.189183100068941 0.967431109101489
0.204701510797056 0.967564043098893
0.206475733542546 0.9896542060395
0.213349526766536 0.978672461970623
0.220223319990527 0.967690717901745
0.235748362638174 0.967811046693464
0.251276471512766 0.967924947006706
0.255381942454313 0.989763597510926
0.261094709869975 0.978897969145405
0.266807477285637 0.968032340779884
0.282341208642728 0.968133154410674
0.297877492402002 0.968227318806446
0.304296002640924 0.989854034328141
0.308856078136529 0.979084401879885
0.313416153632134 0.968314769431628
0.328957015772399 0.96839544635193
0.344499900753676 0.96846929427542
0.35321640273449 0.989924958918095
0.356630515927491 0.979230610754258
0.360044629120491 0.968536262590421
0.375591020154008 0.968596305400194
0.39113889199588 0.968649381554397
0.402141592279486 0.989975934007105
0.404414827026187 0.979335694342195
0.406688061772886 0.968695454677284
0.42223834572227 0.96873449319264
0.437789559317674 0.968766470345415
0.451069991291829 0.990006645316799
0.452205754343719 0.979399004768432
0.453341517395608 0.968791364220067
0.468894034282352 0.968809157755576
0.484446923921204 0.968819838757143
0.5 0.990016903501737
0.5 0.97942015170314
0.5 0.968823399904543
0.515553076078795 0.968819838757143
0.531105965717648 0.968809157755576
0.54893000870817 0.990006645316799
0.547794245656281 0.979399004768432
0.546658482604392 0.968791364220067
0.562210440682326 0.968766470345415
0.57776165427773 0.96873449319264
0.597858407720513 0.989975934007105
0.595585172973814 0.979335694342195
0.593311938227113 0.968695454677284
0.60886110800412 0.968649381554397
0.624408979845992 0.968596305400194
0.64678359726551 0.989924958918095
0.643369484072509 0.979230610754258
0.639955370879508 0.968536262590421
0.655500099246325 0.96846929427542
0.671042984227601 0.96839544635193
0.695703997359076 0.989854034328141
0.691143921863471 0.979084401879885
0.686583846367866 0.968314769431629
0.702122507597998 0.968227318806446
0.717658791357272 0.968133154410674
0.744618057545687 0.989763597510926
0.738905290130025 0.978897969145405
0.733192522714363 0.968032340779884
0.748723528487234 0.967924947006706
0.764251637361827 0.967811046693464
0.793524266457454 0.9896542060395
0.786650473233464 0.978672461970623
0.779776680009474 0.967690717901745
0.795298489202945 0.967564043098893
0.810816899931059 0.967431109101489
0.842421161132209 0.989526534348663
0.834376455321991 0.978409270682259
0.826331749511773 0.967292007015855
0.841842877703678 0.967146832175612
0.857350126815815 0.966995684076345
0.89130733603315 0.989381369576843
0.882080338924453 0.978110017942126
0.872853341815756 0.966838666307409
0.888352370435852 0.966675886480942
0.903847063277587 0.966507456158105
0.940181451714447 0.989219606713129
0.92975936281421 0.977776548742879
0.919337273913974 0.966333490772628
0.934822858989903 0.966154109551696
0.950303678320394 0.965969435434239
0.989042243079369 0.989042243079369
0.97741091903302 0.97741091903302
0.96577959498667 0.96577959498667
NaN NaN
NaN NaN
NaN NaN
NaN NaN
0 1
0.0166666666666667 1
0.0333333333333333 1
NaN NaN
NaN NaN
0.05 1
0.0666666666666667 1
0.0833333333333333 1
NaN NaN
NaN NaN
0.1 1
0.116666666666667 1
0.133333333333333 1
NaN NaN
NaN NaN
0.15 1
0.166666666666667 1
0.183333333333333 1
NaN NaN
NaN NaN
0.2 1
0.216666666666667 1
0.233333333333333 1
NaN NaN
NaN NaN
0.25 1
0.266666666666667 1
0.283333333333333 1
NaN NaN
NaN NaN
0.3 1
0.316666666666667 1
0.333333333333333 1
NaN NaN
NaN NaN
0.35 1
0.366666666666667 1
0.383333333333333 1
NaN NaN
NaN NaN
0.4 1
0.416666666666667 1
0.433333333333333 1
NaN NaN
NaN NaN
0.45 1
0.466666666666667 1
0.483333333333333 1
NaN NaN
NaN NaN
0.5 1
0.516666666666667 1
0.533333333333333 1
NaN NaN
NaN NaN
0.55 1
0.566666666666667 1
0.583333333333333 1
NaN NaN
NaN NaN
0.6 1
0.616666666666667 1
0.633333333333333 1
NaN NaN
NaN NaN
0.65 1
0.666666666666667 1
0.683333333333333 1
NaN NaN
NaN NaN
0.7 1
0.716666666666667 1
0.733333333333333 1
NaN NaN
NaN NaN
0.75 1
0.766666666666667 1
0.783333333333333 1
NaN NaN
NaN NaN
0.8 1
0.816666666666667 1
0.833333333333333 1
NaN NaN
NaN NaN
0.85 1
0.866666666666667 1
0.883333333333334 1
NaN NaN
NaN NaN
0.9 1
0.916666666666667 1
0.933333333333334 1
NaN NaN
NaN NaN
0.95 1
0.966666666666667 1
0.983333333333334 1
NaN NaN
NaN NaN
1 1
NaN NaN
NaN NaN
