0.406647061731442 0.406647061731442
0.409129357041562 0.409129357041562
0.411611652351682 0.411611652351682
0.409328203623464 0.413955678038281
0.407106896815326 0.416358674205143
0.400065021168877 0.414370540404236
0.402507137734437 0.416594767181482
0.404949254299996 0.418818993958727
0.402856754817879 0.42133495111877
0.400830832463596 0.42390482137391
0.394061931877635 0.422588490175692
0.396467403790383 0.424557666819566
0.398872875703132 0.426526843463441
0.396984226422248 0.429199220384396
0.395166179006822 0.431920120623122
0.388674804899426 0.431253962763215
0.391047392177582 0.432970821086861
0.393419979455738 0.434687679410506
0.391746824526945 0.4375
0.390147860917254 0.440355154967549
0.383936853663473 0.440317250757233
0.386280519069964 0.441784219144895
0.388624184476454 0.443251187532557
0.387176839456267 0.446186112898963
0.385806817794675 0.449157919615525
0.379877289214674 0.449726194083907
0.382196173825381 0.450945382519135
0.384515058436089 0.452164570954364
0.38330244668785 0.455204006306837
0.382169813613478 0.458274142595779
0.376521140117797 0.459426501589329
0.378819537790451 0.46039968864623
0.381117935463106 0.461372875703132
0.380147533141476 0.46449808191201
0.379259271713867 0.467647619362185
0.373889098148058 0.46936208576254
0.376171429049174 0.470090707640276
0.37845375995029 0.470819329518012
0.377731549908274 0.47401103864778
0.377093136554506 0.477220559313482
0.371997390719443 0.479475408533689
0.374268174072525 0.47996055020183
0.376538957425608 0.480445691869971
0.376069392328274 0.483684225972493
0.375684763078966 0.486933942091543
0.370857680837306 0.489707836015362
0.373121507060332 0.489950224524691
0.375385333283359 0.490192613034019
0.375171308155678 0.493458005469632
0.375042834378055 0.496727881461516
0.370476995192062 0.5
0.372738497596031 0.5
0.375 0.5
0.375042834378055 0.503272118538484
0.375171308155678 0.506541994530368
0.370857680837306 0.510292163984638
0.373121507060332 0.510049775475309
0.375385333283359 0.509807386965981
0.375684763078966 0.513066057908456
0.376069392328274 0.516315774027506
0.371997390719443 0.520524591466311
0.374268174072525 0.52003944979817
0.376538957425608 0.519554308130029
0.377093136554506 0.522779440686518
0.377731549908274 0.52598896135222
0.373889098148058 0.53063791423746
0.376171429049174 0.529909292359724
0.37845375995029 0.529180670481988
0.379259271713866 0.532352380637815
0.380147533141476 0.53550191808799
0.376521140117797 0.540573498410671
0.378819537790451 0.53960031135377
0.381117935463106 0.538627124296868
0.382169813613478 0.541725857404221
0.38330244668785 0.544795993693163
0.379877289214674 0.550273805916093
0.382196173825381 0.549054617480865
0.384515058436089 0.547835429045636
0.385806817794675 0.550842080384475
0.387176839456268 0.553813887101037
0.383936853663473 0.559682749242767
0.386280519069964 0.558215780855105
0.388624184476454 0.556748812467443
0.390147860917254 0.559644845032451
0.391746824526945 0.5625
0.388674804899426 0.568746037236785
0.391047392177582 0.56702917891314
0.393419979455738 0.565312320589493
0.395166179006822 0.568079879376878
0.396984226422248 0.570800779615604
0.394061931877635 0.577411509824308
0.396467403790383 0.575442333180434
0.398872875703132 0.573473156536559
0.400830832463596 0.57609517862609
0.402856754817879 0.57866504888123
0.400065021168877 0.585629459595764
0.402507137734437 0.583405232818518
0.404949254299996 0.581181006041273
0.407106896815326 0.583641325794857
0.409328203623464 0.586044321961719
0.406647061731442 0.593352938268558
0.409129357041562 0.590870642958438
0.411611652351682 0.588388347648318
NaN NaN
NaN NaN
0.398839108744797 0.398839108744797
0.40150193758306 0.40150193758306
0.404164766421322 0.404164766421322
0.40192262989141 0.406767917603982
0.399741511008764 0.409428972371842
0.392383448692766 0.407374330872852
0.395003176648042 0.409760322249921
0.397622904603318 0.412146313626991
0.395568262662073 0.414918285695571
0.393578993333986 0.417743195462494
0.386495623578673 0.416394529853932
0.38907604177178 0.418506921692875
0.391656459964887 0.420619313531817
0.389801980163115 0.423544875411987
0.388016824896493 0.426518082725128
0.381211933802248 0.425853658850499
0.383757075711759 0.427695381645034
0.38630221762127 0.429537104439569
0.384659333443626 0.432600078124734
0.383089298314313 0.435705111227563
0.376564955067967 0.435702964875508
0.379079071662475 0.43727662362254
0.381593188256983 0.438850282369571
0.380172028630736 0.442033642663668
0.378826793427393 0.445253217049823
0.372583337545004 0.445891289370791
0.375070871074485 0.447199147509735
0.377558404603966 0.448507005648679
0.376367731450796 0.451792985132164
0.375255589995788 0.455109110110184
0.36929162922941 0.456365383616572
0.371757185837276 0.4574093490745
0.374222742445142 0.458453314532428
0.373269896660978 0.461823513104334
0.372397705676199 0.465217602716252
0.366710124597556 0.467070237027538
0.369158445922249 0.467851850456171
0.371606767246942 0.468633463884805
0.370897623442895 0.472068962205478
0.3702707602758 0.475521949815433
0.364854739483934 0.477949416311384
0.367290673425147 0.478469841588466
0.36972660736636 0.478990266865548
0.369265537649798 0.482471743000667
0.368887867120266 0.485964198847056
0.363736912954748 0.488945413398833
0.366165383784513 0.489205430452433
0.368593854614279 0.489465447506034
0.368383701633325 0.492973296052764
0.368257552205757 0.49648554703918
0.363363536782264 0.5
0.365789514785179 0.5
0.368215492788094 0.5
0.368257552205757 0.50351445296082
0.368383701633325 0.507026703947236
0.363736912954748 0.511054586601168
0.366165383784513 0.510794569547567
0.368593854614279 0.510534552493967
0.368887867120266 0.514035801152944
0.369265537649798 0.517528256999332
0.364854739483934 0.522050583688616
0.367290673425147 0.521530158411534
0.36972660736636 0.521009733134452
0.3702707602758 0.524478050184567
0.370897623442895 0.527931037794523
0.366710124597556 0.532929762972463
0.369158445922249 0.532148149543829
0.371606767246942 0.531366536115195
0.372397705676199 0.534782397283748
0.373269896660978 0.538176486895666
0.36929162922941 0.543634616383428
0.371757185837276 0.5425906509255
0.374222742445142 0.541546685467572
0.375255589995788 0.544890889889815
0.376367731450796 0.548207014867836
0.372583337545004 0.554108710629209
0.375070871074485 0.552800852490265
0.377558404603966 0.551492994351321
0.378826793427393 0.554746782950177
0.380172028630736 0.557966357336332
0.376564955067967 0.564297035124492
0.379079071662475 0.562723376377461
0.381593188256983 0.561149717630429
0.383089298314313 0.564294888772437
0.384659333443626 0.567399921875266
0.381211933802248 0.574146341149502
0.383757075711759 0.572304618354966
0.38630221762127 0.570462895560431
0.388016824896493 0.573481917274872
0.389801980163115 0.576455124588013
0.386495623578673 0.583605470146068
0.38907604177178 0.581493078307125
0.391656459964887 0.579380686468182
0.393578993333986 0.582256804537506
0.395568262662073 0.585081714304429
0.392383448692766 0.592625669127148
0.395003176648042 0.590239677750079
0.397622904603318 0.587853686373009
0.399741511008765 0.590571027628158
0.40192262989141 0.593232082396018
0.398839108744797 0.601160891255204
0.40150193758306 0.598498062416941
0.404164766421322 0.595835233578678
NaN NaN
NaN NaN
0.390463295320875 0.390463295320875
0.393319787613705 0.393319787613705
0.396176279906534 0.396176279906534
0.393978460147706 0.399057402384884
0.391840451996694 0.401995283959731
0.384143207239943 0.39986929775985
0.386953463988716 0.402428818627817
0.38976372073749 0.404988339495783
0.387749689657963 0.408034946044273
0.385799739074412 0.411133443955243
0.3783790292897 0.4097500923043
0.381147117337633 0.412016115159645
0.383915205385566 0.41428213801499
0.382097380156679 0.417479298607875
0.380347509234362 0.42072316290172
0.373206299543991 0.420060599122456
0.375936545718363 0.42203626758921
0.378666791892736 0.424011936055963
0.377056380011514 0.427343792451753
0.375517377286557 0.430716876943134
0.368656909601806 0.430753089063491
0.371353874037632 0.432441197595984
0.374050838473458 0.434129306128476
0.372657768664665 0.437579169641262
0.371339122600638 0.441064531459353
0.364758907964965 0.441777477923602
0.367427355990244 0.443180454577724
0.370095804015523 0.444583431231847
0.368928665017771 0.448133885622604
0.367838505506154 0.451713889669522
0.361536327109776 0.453081635231781
0.36418119986566 0.454201526695213
0.366826072621544 0.455321418158645
0.36589206023487 0.458954427012135
0.365037108471565 0.462610854689187
0.359009035318827 0.464611705651508
0.361635419295845 0.465450164625206
0.364261803272863 0.466288623598904
0.36356667599422 0.469985641524175
0.36295220304115 0.473699803055573
0.357192614186421 0.476312441016803
0.359805709864571 0.476870716025553
0.362418805542721 0.477428991034302
0.361966849062935 0.481171078003188
0.361596643350187 0.484923927664734
0.356098262552859 0.488127540955549
0.35870335233892 0.488406468650391
0.361308442124981 0.488685396345232
0.361102442906041 0.492453334463927
0.360978786874942 0.496225588006237
0.355732727459871 0.5
0.35833514311961 0.5
0.360937558779349 0.5
0.360978786874942 0.503774411993763
0.361102442906042 0.507546665536073
0.356098262552859 0.511872459044451
0.35870335233892 0.511593531349609
0.361308442124982 0.511314603654768
0.361596643350187 0.515076072335266
0.361966849062935 0.518828921996812
0.357192614186421 0.523687558983197
0.359805709864571 0.523129283974447
0.362418805542721 0.522571008965698
0.36295220304115 0.526300196944427
0.36356667599422 0.530014358475826
0.359009035318828 0.535388294348493
0.361635419295845 0.534549835374794
0.364261803272863 0.533711376401096
0.365037108471565 0.537389145310813
0.36589206023487 0.541045572987865
0.361536327109776 0.546918364768219
0.36418119986566 0.545798473304788
0.366826072621544 0.544678581841355
0.367838505506154 0.548286110330478
0.368928665017771 0.551866114377396
0.364758907964965 0.558222522076399
0.367427355990244 0.556819545422276
0.370095804015522 0.555416568768153
0.371339122600638 0.558935468540647
0.372657768664665 0.562420830358738
0.368656909601806 0.569246910936509
0.371353874037632 0.567558802404016
0.374050838473458 0.565870693871523
0.375517377286557 0.569283123056866
0.377056380011514 0.572656207548248
0.373206299543991 0.579939400877544
0.375936545718363 0.57796373241079
0.378666791892736 0.575988063944037
0.380347509234362 0.57927683709828
0.382097380156679 0.582520701392125
0.3783790292897 0.5902499076957
0.381147117337633 0.587983884840356
0.383915205385566 0.58571786198501
0.385799739074412 0.588866556044757
0.387749689657963 0.591965053955728
0.384143207239943 0.60013070224015
0.386953463988717 0.597571181372183
0.389763720737489 0.595011660504217
0.391840451996694 0.598004716040269
0.393978460147706 0.600942597615116
0.390463295320875 0.609536704679125
0.393319787613705 0.606680212386296
0.396176279906534 0.603823720093466
NaN NaN
NaN NaN
0.381478321841611 0.381478321841611
0.384542562434828 0.384542562434828
0.387606803028046 0.387606803028046
0.385456523131045 0.390786113227799
0.383364761089014 0.394020954798438
0.375303665673165 0.391818435107069
0.378318308082167 0.394564105999476
0.38133295049117 0.397309776891884
0.379362483839005 0.400650991664505
0.377454711591937 0.404042975365344
0.369672127555226 0.402622415009391
0.372641534398496 0.405053242229173
0.375610941241766 0.407484069448955
0.373832436416594 0.410972581712089
0.372120416014789 0.414506787453447
0.364618427792969 0.413846219051429
0.367547240581293 0.415965574853566
0.370476053369618 0.418084930655702
0.368900475445099 0.421705225188985
0.367394762063639 0.42536585603501
0.360173724125953 0.425443216380606
0.363066834645967 0.427254098455802
0.36595994516598 0.429064980530998
0.364597008103951 0.432800729632546
0.363306884966535 0.436571209194573
0.3563654196303 0.437364475283628
0.359227939784993 0.438869488276553
0.362090459939686 0.440374501269479
0.360948566700358 0.444208665421603
0.359881987845136 0.448071740057106
0.353216993769615 0.449559064866775
0.356054224061753 0.450760404317562
0.358891454353892 0.451961743768349
0.357977645088802 0.455876676691848
0.35714118632909 0.459814521878882
0.350747857636288 0.461974369061789
0.353565254489049 0.462873807869799
0.35638265134181 0.463773246677809
0.35570255998895 0.467750804127147
0.355101378371154 0.471745134358451
0.34897323427565 0.474556411021435
0.351776376391961 0.475155288514745
0.354579518508271 0.475754166008054
0.354137338056986 0.479775817636668
0.353775140065691 0.483807999155903
0.347904064830843 0.487250185904715
0.35069861879882 0.487549399582711
0.353493172766798 0.487848613260707
0.353291629406609 0.491895556866758
0.353170648112875 0.495946722551805
0.347546941087028 0.5
0.35033862644358 0.5
0.353130311800133 0.5
0.353170648112875 0.504053277448195
0.353291629406609 0.508104443133242
0.347904064830843 0.512749814095285
0.35069861879882 0.512450600417289
0.353493172766798 0.512151386739293
0.353775140065691 0.516192000844097
0.354137338056986 0.520224182363332
0.34897323427565 0.525443588978565
0.351776376391961 0.524844711485256
0.354579518508271 0.524245833991946
0.355101378371154 0.528254865641549
0.35570255998895 0.532249195872853
0.350747857636288 0.538025630938212
0.353565254489049 0.537126192130201
0.35638265134181 0.536226753322191
0.35714118632909 0.540185478121119
0.357977645088802 0.544123323308152
0.353216993769616 0.550440935133225
0.356054224061754 0.549239595682438
0.358891454353892 0.548038256231651
0.359881987845136 0.551928259942894
0.360948566700358 0.555791334578397
0.3563654196303 0.562635524716372
0.359227939784993 0.561130511723447
0.362090459939686 0.559625498730521
0.363306884966535 0.563428790805427
0.364597008103951 0.567199270367454
0.360173724125953 0.574556783619395
0.363066834645967 0.572745901544198
0.36595994516598 0.570935019469002
0.367394762063639 0.574634143964991
0.368900475445099 0.578294774811015
0.364618427792969 0.586153780948571
0.367547240581293 0.584034425146434
0.370476053369618 0.581915069344298
0.372120416014789 0.585493212546553
0.373832436416594 0.589027418287911
0.369672127555226 0.597377584990609
0.372641534398496 0.594946757770827
0.375610941241766 0.592515930551045
0.377454711591937 0.595957024634656
0.379362483839005 0.599349008335495
0.375303665673165 0.608181564892931
0.378318308082167 0.605435894000524
0.38133295049117 0.602690223108116
0.383364761089014 0.605979045201562
0.385456523131045 0.609213886772202
0.381478321841611 0.618521678158389
0.384542562434828 0.615457437565172
0.387606803028046 0.612393196971954
NaN NaN
NaN NaN
0.371839885031103 0.371839885031103
0.375126983139749 0.375126983139749
0.378414081248394 0.378414081248394
0.37631479871441 0.381913265904877
0.374272646189888 0.385466664916036
0.365821237814932 0.383182045569804
0.369055130539547 0.386127404892232
0.372289023264162 0.389072764214661
0.3703652894133 0.392730013615398
0.368502763068391 0.396436827877167
0.36033198622073 0.394976352684197
0.363517353466343 0.397583970236904
0.366702720711956 0.40019158778961
0.364966396003113 0.403992641282812
0.363294978932085 0.407838304559553
0.355405973309937 0.407179876655505
0.358547794157291 0.409453369952399
0.361689615004644 0.411726863249293
0.360151404457037 0.415656573583122
0.358681401501936 0.419625663588845
0.351073569590213 0.419747164806948
0.354177091598077 0.421689749556179
0.35728061360594 0.423632334305409
0.355950000799101 0.42767476101582
0.354690475016971 0.43175109449771
0.347361485771162 0.432630521734611
0.350432192623385 0.434244992012657
0.353502899475608 0.435859462290703
0.352388088079965 0.439997969979709
0.351346804866088 0.444164702493255
0.344292608083921 0.445780303365471
0.347336185780699 0.447069014390729
0.350379763477478 0.448357725415988
0.349487626675997 0.452575086314417
0.348671005887648 0.456814816075021
0.341885857179936 0.459145223029615
0.344908158981732 0.460110076641696
0.347930460783527 0.461074930253778
0.347266498896256 0.465353430436203
0.346679575272149 0.469648305606963
0.340156071478858 0.472672667659612
0.343163081819099 0.473315100593869
0.346170092159339 0.473957533528125
0.345738398732103 0.478279082125101
0.345384790851552 0.482610910879322
0.339113915684745 0.486309022167575
0.342111713273805 0.486629997197147
0.345109510862865 0.486950972226718
0.344912747429195 0.491297212961008
0.344794635402371 0.495647575640869
0.338765815034619 0.5
0.341760535382547 0.5
0.344755255730476 0.5
0.344794635402371 0.504352424359131
0.344912747429195 0.508702787038992
0.339113915684744 0.513690977832425
0.342111713273805 0.513370002802853
0.345109510862865 0.513049027773282
0.345384790851552 0.517389089120678
0.345738398732103 0.5217209178749
0.340156071478858 0.527327332340388
0.343163081819099 0.526684899406131
0.346170092159339 0.526042466471875
0.346679575272149 0.530351694393037
0.347266498896256 0.534646569563797
0.341885857179936 0.540854776970386
0.344908158981732 0.539889923358303
0.347930460783527 0.538925069746222
0.348671005887648 0.543185183924978
0.349487626675997 0.547424913685583
0.344292608083921 0.554219696634529
0.347336185780699 0.552930985609271
0.350379763477478 0.551642274584012
0.351346804866088 0.555835297506745
0.352388088079965 0.560002030020291
0.347361485771162 0.567369478265389
0.350432192623385 0.565755007987343
0.353502899475608 0.564140537709297
0.354690475016971 0.56824890550229
0.355950000799101 0.57232523898418
0.351073569590213 0.580252835193052
0.354177091598077 0.578310250443821
0.35728061360594 0.576367665694591
0.358681401501937 0.580374336411155
0.360151404457037 0.584343426416879
0.355405973309937 0.592820123344495
0.358547794157291 0.590546630047601
0.361689615004645 0.588273136750707
0.363294978932085 0.592161695440447
0.364966396003113 0.596007358717188
0.36033198622073 0.605023647315803
0.363517353466343 0.602416029763096
0.366702720711956 0.59980841221039
0.368502763068391 0.603563172122833
0.3703652894133 0.607269986384602
0.365821237814932 0.616817954430196
0.369055130539547 0.613872595107768
0.372289023264162 0.610927235785339
0.374272646189888 0.614533335083964
0.37631479871441 0.618086734095123
0.371839885031103 0.628160114968897
0.375126983139749 0.624873016860252
0.378414081248394 0.621585918751606
NaN NaN
NaN NaN
0.361500459504188 0.361500459504188
0.365026623213323 0.365026623213323
0.368552786922458 0.368552786922458
0.366508210711432 0.372395110013973
0.364519275728489 0.376290234659387
0.355649167531952 0.373917544676399
0.359118256311134 0.377077115461887
0.362587345090317 0.380236686247375
0.360713742845671 0.384232954989689
0.358899753067944 0.388277496955892
0.35031255074198 0.386774203981069
0.353729584858548 0.38957146955628
0.357146618975117 0.392368735131491
0.355455542077726 0.396505060498744
0.353827681355406 0.400684833139398
0.345523511151388 0.400028701408454
0.348893831806986 0.402467542383533
0.352264152462583 0.404906383358612
0.350766026963859 0.409168012829276
0.349334331599619 0.413467995755968
0.341311574781769 0.41363684814449
0.344640811182059 0.415720714101103
0.34797004758235 0.417804580057717
0.34667410992417 0.422175988568803
0.345447406796017 0.42658042025673
0.337702709621452 0.427552275009522
0.340996744270196 0.429284163233043
0.34429077891894 0.431016051456565
0.34320501898791 0.435481037120791
0.342190871128549 0.439973512083805
0.33471916552422 0.441726718339722
0.337984097955681 0.443109155339967
0.341249030387143 0.444491592340213
0.340380142254289 0.449033376336031
0.339584802222512 0.453596946271917
0.332379337031562 0.45611031754862
0.335621446204851 0.457145343483077
0.338863555378141 0.458180369417533
0.338216896027737 0.462781699436144
0.337645267359317 0.467398977718536
0.330697649964206 0.470651922534204
0.333923355551412 0.47134107862978
0.337149061138617 0.472030234725356
0.336728617440595 0.476673491336927
0.336384224416358 0.481326760209646
0.329684472482142 0.485299409036307
0.332900295288913 0.485643728087155
0.336116118095684 0.485988047138003
0.335924482225253 0.490655352421316
0.335809448142717 0.495326672234222
0.329346051161461 0.5
0.332558572924076 0.5
0.33577109468669 0.5
0.335809448142717 0.504673327765778
0.335924482225253 0.509344647578683
0.329684472482142 0.514700590963694
0.332900295288913 0.514356271912845
0.336116118095684 0.514011952861997
0.336384224416358 0.518673239790354
0.336728617440595 0.523326508663073
0.330697649964206 0.529348077465796
0.333923355551412 0.52865892137022
0.337149061138617 0.527969765274644
0.337645267359317 0.532601022281464
0.338216896027737 0.537218300563857
0.332379337031562 0.54388968245138
0.335621446204852 0.542854656516924
0.338863555378141 0.541819630582467
0.339584802222512 0.546403053728084
0.340380142254289 0.550966623663969
0.33471916552422 0.558273281660278
0.337984097955681 0.556890844660033
0.341249030387143 0.555508407659788
0.342190871128549 0.560026487916196
0.34320501898791 0.564518962879209
0.337702709621452 0.572447724990478
0.340996744270196 0.570715836766957
0.34429077891894 0.568983948543435
0.345447406796017 0.573419579743271
0.34667410992417 0.577824011431197
0.341311574781769 0.586363151855511
0.344640811182059 0.584279285898897
0.34797004758235 0.582195419942283
0.349334331599619 0.586532004244032
0.350766026963859 0.590831987170724
0.345523511151388 0.599971298591546
0.348893831806986 0.597532457616467
0.352264152462583 0.595093616641389
0.353827681355406 0.599315166860602
0.355455542077726 0.603494939501256
0.35031255074198 0.613225796018932
0.353729584858549 0.61042853044372
0.357146618975117 0.607631264868509
0.358899753067944 0.611722503044108
0.360713742845672 0.615767045010311
0.355649167531952 0.626082455323601
0.359118256311134 0.622922884538113
0.362587345090317 0.619763313752625
0.364519275728489 0.623709765340613
0.366508210711432 0.627604889986027
0.361500459504188 0.638499540495812
0.365026623213323 0.634973376786677
0.368552786922458 0.631447213077542
NaN NaN
NaN NaN
0.35040906342738 0.35040906342738
0.354191679611216 0.354191679611216
0.357974295795053 0.357974295795053
0.355988404613893 0.362184713253341
0.354056557602651 0.366446416713918
0.344737298189119 0.36397925085193
0.348458688470944 0.36736861237142
0.35218007875277 0.37075797389091
0.350360254109121 0.375117918331196
0.348598330888614 0.379524750419441
0.339564417098429 0.377975525591205
0.343229966861921 0.380976231998531
0.346895516625412 0.383976938405857
0.345252978343356 0.388472919455994
0.343671841756136 0.393011100721816
0.334922312687393 0.392357432161121
0.338537751591592 0.394973646297248
0.342153190495791 0.397589860433375
0.340698065370035 0.402207549010278
0.339307463648945 0.406862490192233
0.33083960507336 0.407082137529125
0.334410971727419 0.4093175598585
0.337982338381478 0.411552982187876
0.336723597742301 0.416277298841087
0.335532104409373 0.421033690814019
0.32734146550641 0.422104695194077
0.330875070239559 0.423962540990039
0.334408674972708 0.425820386786
0.333354079374724 0.430635594667514
0.332369040382567 0.435477502828404
0.324449461180221 0.437378322296386
0.32795184713649 0.438861301817931
0.331454233092758 0.440344281339476
0.330610284468518 0.44523408322664
0.329837772910078 0.450145045736735
0.322181422263154 0.452854688049887
0.325659325060713 0.453964989832025
0.329137227858272 0.455075291614164
0.328509129431685 0.460022930387475
0.327953908097605 0.464986059664994
0.320551331969333 0.468484211717212
0.324011638173167 0.469223489077921
0.327471944377001 0.469962766438629
0.327063568583731 0.474951128394949
0.326729060598167 0.479949215232645
0.319569240347477 0.484216368291529
0.323018945011424 0.484585729138493
0.326468649675371 0.484955089985458
0.326282514287983 0.489966810349684
0.326170782003899 0.494982430015325
0.319241202319016 0.5
0.322687365858931 0.5
0.326133529398846 0.5
0.326170782003899 0.505017569984675
0.326282514287983 0.510033189650316
0.319569240347477 0.515783631708471
0.323018945011424 0.515414270861507
0.326468649675371 0.515044910014542
0.326729060598167 0.520050784767355
0.327063568583731 0.525048871605051
0.320551331969332 0.531515788282787
0.324011638173167 0.530776510922079
0.327471944377001 0.530037233561372
0.327953908097605 0.535013940335006
0.328509129431685 0.539977069612525
0.322181422263154 0.547145311950114
0.325659325060713 0.546035010167975
0.329137227858272 0.544924708385836
0.329837772910078 0.549854954263266
0.330610284468518 0.55476591677336
0.324449461180221 0.562621677703614
0.32795184713649 0.561138698182069
0.331454233092758 0.559655718660524
0.332369040382567 0.564522497171596
0.333354079374724 0.569364405332486
0.32734146550641 0.577895304805923
0.330875070239559 0.576037459009961
0.334408674972708 0.574179613214
0.335532104409373 0.578966309185982
0.336723597742301 0.583722701158913
0.33083960507336 0.592917862470876
0.334410971727419 0.5906824401415
0.337982338381478 0.588447017812125
0.339307463648945 0.593137509807767
0.340698065370035 0.597792450989723
0.334922312687393 0.607642567838879
0.338537751591592 0.605026353702752
0.342153190495791 0.602410139566625
0.343671841756136 0.606988899278184
0.345252978343356 0.611527080544006
0.339564417098429 0.622024474408795
0.343229966861921 0.619023768001469
0.346895516625412 0.616023061594143
0.348598330888613 0.62047524958056
0.350360254109121 0.624882081668804
0.344737298189119 0.63602074914807
0.348458688470944 0.63263138762858
0.35218007875277 0.62924202610909
0.354056557602651 0.633553583286082
0.355988404613893 0.637815286746659
0.35040906342738 0.64959093657262
0.354191679611216 0.645808320388784
0.357974295795053 0.642025704204947
NaN NaN
NaN NaN
0.338511007136691 0.338511007136691
0.342568727190117 0.342568727190117
0.346626447243544 0.346626447243544
0.344703509164404 0.351231730006958
0.342832902045427 0.35588667299731
0.333031825336234 0.353318160170642
0.337023866621764 0.356954024751541
0.341015907907294 0.36058988933244
0.339253772027025 0.365339959046051
0.337547702084534 0.37013543006088
0.328034588190938 0.368536932826028
0.331966727762938 0.371755876004954
0.335898867334938 0.374974819183879
0.334308397807213 0.379856613122724
0.332777383529729 0.384779269522949
0.323550105329554 0.384128243275094
0.327428489556374 0.386934730650044
0.331306873783194 0.389741218024995
0.329897876381536 0.394740861340461
0.328551356981193 0.399776576346806
0.319606025080165 0.400050712870703
0.323437131749733 0.402448714035226
0.327268238419301 0.404846715199749
0.326049400081231 0.409949606462629
0.324895677297895 0.415083556251915
0.316226664009048 0.416260921259459
0.320017262391154 0.418253885328787
0.323807860773261 0.420246849398116
0.322786696042436 0.42543775062127
0.321832882960719 0.430654505720216
0.313432857000957 0.432713674082623
0.317189966112455 0.434304508428732
0.320947075223952 0.435895342774841
0.320129879920511 0.44115847336046
0.319381857115237 0.446442093773515
0.311241828805134 0.449362281614365
0.314972674135365 0.450553333941057
0.318703519465596 0.451744386267748
0.318095331870329 0.457063520299984
0.317557711150834 0.462397653784702
0.309667087838995 0.466158846619447
0.313379056802247 0.466951890487975
0.317091025765498 0.467744934356504
0.316695595557173 0.473103500639638
0.316371691533971 0.478471483523686
0.308718342904252 0.483054559655606
0.312418939293891 0.483450783550085
0.31611953568353 0.483847007444564
0.315939300820875 0.489228191669937
0.315831110469978 0.494613151588181
0.308401443328917 0.5
0.312098241054009 0.5
0.3157950387791 0.5
0.315831110469978 0.505386848411819
0.315939300820875 0.510771808330063
0.308718342904252 0.516945440344394
0.312418939293891 0.516549216449915
0.31611953568353 0.516152992555436
0.316371691533971 0.521528516476314
0.316695595557173 0.526896499360362
0.309667087838995 0.533841153380553
0.313379056802247 0.533048109512025
0.317091025765498 0.532255065643496
0.317557711150834 0.537602346215299
0.318095331870329 0.542936479700016
0.311241828805134 0.550637718385635
0.314972674135365 0.549446666058943
0.318703519465595 0.548255613732252
0.319381857115237 0.553557906226485
0.320129879920511 0.55884152663954
0.313432857000958 0.567286325917377
0.317189966112455 0.565695491571268
0.320947075223952 0.564104657225159
0.321832882960719 0.569345494279784
0.322786696042436 0.57456224937873
0.316226664009048 0.583739078740541
0.320017262391154 0.581746114671213
0.323807860773261 0.579753150601884
0.324895677297895 0.584916443748085
0.326049400081231 0.590050393537372
0.319606025080165 0.599949287129297
0.323437131749733 0.597551285964774
0.327268238419302 0.595153284800251
0.328551356981193 0.600223423653194
0.329897876381536 0.605259138659539
0.323550105329554 0.615871756724906
0.327428489556374 0.613065269349956
0.331306873783194 0.610258781975006
0.332777383529729 0.615220730477051
0.334308397807213 0.620143386877276
0.328034588190938 0.631463067173972
0.331966727762938 0.628244123995046
0.335898867334938 0.625025180816121
0.337547702084534 0.629864569939121
0.339253772027026 0.634660040953949
0.333031825336234 0.646681839829358
0.337023866621764 0.643045975248459
0.341015907907294 0.63941011066756
0.342832902045427 0.64411332700269
0.344703509164404 0.648768269993042
0.338511007136691 0.661488992863309
0.342568727190117 0.657431272809882
0.346626447243544 0.653373552756456
NaN NaN
NaN NaN
0.325747623472807 0.325747623472807
0.330100455278036 0.330100455278036
0.334453287083265 0.334453287083265
0.332597880588635 0.339482153099419
0.330792967245299 0.344558935327011
0.320475031408012 0.341881704726467
0.324757407729358 0.345782000158105
0.329039784050704 0.349682295589743
0.327339532549038 0.354850863789054
0.325693378007751 0.360063238843124
0.315666212522685 0.358411885695146
0.319884330570811 0.361864937671125
0.324102448618938 0.365317989647103
0.322567834726133 0.370613656053918
0.321090588077045 0.375948749874986
0.311350814784346 0.37530055811133
0.31551126794354 0.378311157005737
0.319671721102734 0.381321755900144
0.318312206223752 0.386731132936097
0.317012975183687 0.392175314862676
0.30755544405507 0.392507903488521
0.311665181232833 0.395080307597351
0.315774918410597 0.39765271170618
0.31459888440675 0.403161710729062
0.31348567916711 0.40870067753522
0.30430350005749 0.409992138615447
0.308369782842215 0.412130047902789
0.312436065626941 0.41426795719013
0.311450763138935 0.419861875355057
0.3105304469802 0.42548073943456
0.301615032107732 0.427709773163454
0.305645389998596 0.429416306449984
0.30967574788946 0.431122839736515
0.308887251634779 0.436786450643852
0.308165498612104 0.442469831797206
0.299506615504714 0.445615877818842
0.303508799489809 0.446893553553258
0.307510983474903 0.448171229287674
0.306924154795159 0.453888876858855
0.306405414755936 0.459620997117353
0.297991249337912 0.46366436128703
0.301973184106828 0.464515082018974
0.305955118875744 0.465365802750918
0.305573575764888 0.471121497753374
0.305261046913956 0.476886278655519
0.297078276343656 0.481808254460706
0.301048011429135 0.482233295110917
0.305017746514613 0.482658335761127
0.304843841312799 0.488435854387226
0.304739450494453 0.49421701610779
0.296773325304048 0.5
0.300738985453937 0.5
0.304704645603826 0.5
0.304739450494453 0.50578298389221
0.304843841312799 0.511564145612775
0.297078276343656 0.518191745539294
0.301048011429135 0.517766704889084
0.305017746514613 0.517341664238873
0.305261046913956 0.523113721344481
0.305573575764888 0.528878502246626
0.297991249337912 0.53633563871297
0.301973184106828 0.535484917981026
0.305955118875744 0.534634197249082
0.306405414755936 0.540379002882647
0.306924154795159 0.546111123141146
0.299506615504714 0.554384122181158
0.303508799489809 0.553106446446742
0.307510983474903 0.551828770712326
0.308165498612104 0.557530168202794
0.308887251634779 0.563213549356149
0.301615032107732 0.572290226836546
0.305645389998596 0.570583693550016
0.30967574788946 0.568877160263485
0.3105304469802 0.57451926056544
0.311450763138935 0.580138124644943
0.30430350005749 0.590007861384553
0.308369782842215 0.587869952097211
0.312436065626941 0.58573204280987
0.31348567916711 0.59129932246478
0.31459888440675 0.596838289270938
0.30755544405507 0.607492096511479
0.311665181232833 0.60491969240265
0.315774918410597 0.60234728829382
0.317012975183687 0.607824685137324
0.318312206223752 0.613268867063904
0.311350814784346 0.62469944188867
0.31551126794354 0.621688842994263
0.319671721102734 0.618678244099856
0.321090588077045 0.624051250125014
0.322567834726134 0.629386343946082
0.315666212522685 0.641588114304854
0.319884330570811 0.638135062328875
0.324102448618938 0.634682010352897
0.325693378007751 0.639936761156876
0.327339532549038 0.645149136210946
0.320475031408012 0.658118295273533
0.324757407729358 0.654217999841895
0.329039784050704 0.650317704410257
0.330792967245299 0.655441064672988
0.332597880588636 0.660517846900581
0.325747623472807 0.674252376527194
0.330100455278036 0.669899544721964
0.334453287083265 0.665546712916735
NaN NaN
NaN NaN
0.312055978503955 0.312055978503955
0.316725385085766 0.316725385085766
0.321394791667577 0.321394791667577
0.319611828225954 0.326878047496338
0.317877386465736 0.332407348681468
0.30700500112923 0.32961349343021
0.311598828107948 0.33379745136252
0.316192655086666 0.337981409294829
0.314558788719479 0.343598912732405
0.312976907134569 0.349258512616637
0.302398303874739 0.347550459426093
0.306923199174649 0.35125464657263
0.311448094474558 0.354958833719168
0.309973398511276 0.360698472903347
0.308553829927675 0.366476000085879
0.298264288560938 0.365830848954106
0.302727325093045 0.369060404085515
0.307190361625152 0.372289959216923
0.305883928056776 0.378138869278004
0.304635424586856 0.384021225297023
0.294628442766936 0.38441651715648
0.299037074822121 0.387176008268086
0.303445706877306 0.389935499379692
0.302315590301217 0.395880141756678
0.30124584938404 0.401853581845736
0.291513182691095 0.403267437030901
0.29587519998193 0.405560833179503
0.300237217272764 0.407854229328106
0.299290385233456 0.413880475238441
0.298406002177501 0.419930693067509
0.288937714947712 0.42234194621029
0.29326119458229 0.424172593043607
0.297584674216868 0.426003239876924
0.296826964248717 0.43209645742513
0.296133391569611 0.438208673303883
0.286917918151853 0.441597003825154
0.291211174835736 0.44296760295479
0.29550443151962 0.444338202084427
0.294940515156543 0.450483346472612
0.294442028960489 0.456642398472128
0.285466245022417 0.460988455864857
0.289737779795707 0.461901048209972
0.294009314568997 0.462813640555086
0.293642668542894 0.468995346839119
0.293342342163055 0.475185784270222
0.284591645606977 0.480471307401778
0.288850093432577 0.480927260606137
0.293108541258177 0.481383213810496
0.292941426063722 0.487585891630001
0.292841111112097 0.493792070301888
0.284299512101762 0.5
0.288553588627961 0.5
0.29280766515416 0.5
0.292841111112097 0.506207929698112
0.292941426063722 0.512414108369999
0.284591645606977 0.519528692598222
0.288850093432577 0.519072739393863
0.293108541258177 0.518616786189504
0.293342342163055 0.524814215729779
0.293642668542895 0.531004653160881
0.285466245022417 0.539011544135143
0.289737779795707 0.538098951790029
0.294009314568997 0.537186359444914
0.294442028960489 0.543357601527872
0.294940515156543 0.549516653527388
0.286917918151853 0.558402996174846
0.291211174835736 0.557032397045209
0.29550443151962 0.555661797915573
0.296133391569611 0.561791326696118
0.296826964248717 0.56790354257487
0.288937714947712 0.57765805378971
0.29326119458229 0.575827406956393
0.297584674216868 0.573996760123076
0.298406002177501 0.580069306932491
0.299290385233456 0.58611952476156
0.291513182691095 0.596732562969099
0.29587519998193 0.594439166820497
0.300237217272764 0.592145770671894
0.30124584938404 0.598146418154264
0.302315590301217 0.604119858243322
0.294628442766936 0.61558348284352
0.299037074822121 0.612823991731914
0.303445706877306 0.610064500620308
0.304635424586856 0.615978774702977
0.305883928056776 0.621861130721996
0.298264288560938 0.634169151045894
0.302727325093045 0.630939595914485
0.307190361625153 0.627710040783076
0.308553829927675 0.633523999914121
0.309973398511276 0.639301527096653
0.302398303874739 0.652449540573907
0.306923199174649 0.64874535342737
0.311448094474558 0.645041166280832
0.312976907134569 0.650741487383363
0.314558788719479 0.656401087267596
0.30700500112923 0.67038650656979
0.311598828107948 0.666202548637481
0.316192655086666 0.662018590705171
0.317877386465736 0.667592651318532
0.319611828225954 0.673121952503662
0.312055978503955 0.687944021496045
0.316725385085766 0.683274614914234
0.321394791667577 0.678605208332423
NaN NaN
NaN NaN
0.297368561210099 0.297368561210099
0.302377566566122 0.302377566566122
0.307386571922144 0.307386571922144
0.305681320205589 0.313357264637197
0.30402247531857 0.319371995789132
0.292555316221723 0.316453033955307
0.297483245186118 0.320941284726604
0.302411174150512 0.325429535497901
0.300848521006749 0.331528624544606
0.299335586851689 0.33766797523451
0.288165440594068 0.335899098294324
0.293019424584449 0.33987268528694
0.29787340857483 0.343846272279555
0.296462988280124 0.350062173699799
0.295105292599191 0.356314311743138
0.28422599937016 0.35567242238374
0.289013625699495 0.359136858103219
0.293801252028831 0.362601293822698
0.292551760293313 0.36892170347124
0.291357673731859 0.375274101311943
0.280761280515141 0.375736656714958
0.285490545613446 0.378696841379916
0.290219810711751 0.381657026044875
0.289138951067468 0.388068995448495
0.288115835566218 0.394508507395499
0.277792645172888 0.396053658221006
0.282471905286575 0.398513849551652
0.287151165400261 0.400974040882298
0.286245601706342 0.407464057071439
0.285399765112582 0.413977000346248
0.275338395967458 0.416583725441222
0.279976315640296 0.418547512409098
0.284614235313133 0.420511299376973
0.283889550670882 0.427065368197691
0.283226207848482 0.433637607293255
0.273413664161323 0.437285843293968
0.278019162814647 0.438756123994743
0.28262466146797 0.440226404695518
0.282085323799188 0.446830137088097
0.281608564477232 0.453447170918912
0.272030316366106 0.45811793594824
0.276612513307617 0.459096899733992
0.281194710249128 0.460075863519743
0.280844044749891 0.466714564232031
0.280556808308137 0.473361615538155
0.271196881380974 0.479037126235165
0.275765039581176 0.479526240216292
0.280333197781377 0.480015354197419
0.280173366421096 0.486674112385944
0.280077423767724 0.493336218839719
0.270918497609757 0.5
0.27548196659266 0.5
0.280045435575564 0.5
0.280077423767724 0.506663781160281
0.280173366421096 0.513325887614056
0.271196881380974 0.520962873764835
0.275765039581176 0.520473759783708
0.280333197781377 0.519984645802581
0.280556808308137 0.526638384461845
0.280844044749891 0.533285435767969
0.272030316366106 0.54188206405176
0.276612513307617 0.540903100266008
0.281194710249128 0.539924136480257
0.281608564477232 0.546552829081088
0.282085323799188 0.553169862911903
0.273413664161323 0.562714156706032
0.278019162814647 0.561243876005257
0.28262466146797 0.559773595304482
0.283226207848482 0.566362392706745
0.283889550670882 0.572934631802309
0.275338395967458 0.583416274558778
0.279976315640296 0.581452487590902
0.284614235313133 0.579488700623027
0.285399765112582 0.586022999653752
0.286245601706342 0.592535942928561
0.277792645172888 0.603946341778994
0.282471905286575 0.601486150448348
0.287151165400261 0.599025959117702
0.288115835566218 0.605491492604501
0.289138951067468 0.611931004551505
0.280761280515141 0.624263343285042
0.285490545613446 0.621303158620084
0.290219810711751 0.618342973955125
0.291357673731859 0.624725898688057
0.292551760293313 0.63107829652876
0.28422599937016 0.64432757761626
0.289013625699495 0.640863141896781
0.293801252028831 0.637398706177302
0.295105292599191 0.643685688256861
0.296462988280124 0.649937826300201
0.288165440594068 0.664100901705676
0.293019424584449 0.66012731471306
0.29787340857483 0.656153727720445
0.299335586851689 0.66233202476549
0.300848521006749 0.668471375455394
0.292555316221723 0.683546966044693
0.297483245186118 0.679058715273396
0.302411174150512 0.674570464502099
0.304022475318571 0.680628004210868
0.305681320205589 0.686642735362803
0.297368561210099 0.702631438789901
0.302377566566122 0.697622433433879
0.307386571922144 0.692613428077856
NaN NaN
NaN NaN
0.281612950598324 0.281612950598324
0.2869862532262 0.2869862532262
0.292359555854076 0.292359555854076
0.290737667717083 0.298853135992055
0.289159917747828 0.305388601687256
0.277054727907892 0.302335434461124
0.282341057582611 0.307150108822567
0.287627387257329 0.31196478318401
0.286141126565433 0.318580482822072
0.284702154280977 0.325234475857434
0.272897443011221 0.323400351549647
0.278104449807454 0.327662931425678
0.283311456603688 0.331925511301709
0.281969986648285 0.338652312779492
0.28067866379127 0.345413579403124
0.269166726952136 0.344775189039798
0.27430254999648 0.348491587852029
0.279438373040825 0.352207986664261
0.278249964430275 0.359034187341616
0.277114252435522 0.365890812424287
0.265885580835731 0.366425523345148
0.270958798126283 0.369600997697574
0.276032015416836 0.37277647205
0.27500399508541 0.379689756457661
0.274030895995029 0.386629236953525
0.263074234018904 0.388315232349787
0.268093809539053 0.390954349620074
0.273113385059202 0.39359346689036
0.272252091094094 0.400580982658902
0.271447604387565 0.407590304690943
0.26075001938965 0.410406718113188
0.265725247842135 0.412513328293267
0.270700476294621 0.414619938473347
0.270011218859534 0.421668375572324
0.269380304464924 0.428734094667227
0.258927266504038 0.432661138674005
0.263867716006019 0.434238350633599
0.268808165507999 0.435815562593193
0.268295194104224 0.442911235391896
0.267841741818574 0.450019559369702
0.257617213239734 0.455038647523686
0.262532666332164 0.456088809843087
0.267448119424595 0.457138972162488
0.267114596691415 0.464267903806414
0.266841402198855 0.471404777813893
0.256827936510749 0.477498639273448
0.261728329845761 0.478023325763743
0.266628723180773 0.478548012254038
0.266476705396746 0.485696020836841
0.266385453032168 0.492847214000335
0.256564302470579 0.5
0.261459665548716 0.5
0.266355028626853 0.5
0.266385453032168 0.507152785999665
0.266476705396746 0.514303979163159
0.256827936510749 0.522501360726552
0.261728329845761 0.521976674236257
0.266628723180773 0.521451987745962
0.266841402198855 0.528595222186107
0.267114596691415 0.535732096193586
0.257617213239734 0.544961352476314
0.262532666332164 0.543911190156913
0.267448119424595 0.542861027837512
0.267841741818574 0.549980440630298
0.268295194104224 0.557088764608104
0.258927266504038 0.567338861325995
0.263867716006019 0.565761649366401
0.268808165507999 0.564184437406808
0.269380304464924 0.571265905332773
0.270011218859534 0.578331624427676
0.26075001938965 0.589593281886812
0.265725247842135 0.587486671706733
0.270700476294621 0.585380061526653
0.271447604387565 0.592409695309057
0.272252091094094 0.599419017341098
0.263074234018904 0.611684767650213
0.268093809539053 0.609045650379926
0.273113385059202 0.60640653310964
0.274030895995029 0.613370763046475
0.27500399508541 0.620310243542339
0.265885580835731 0.633574476654852
0.270958798126283 0.630399002302426
0.276032015416836 0.62722352795
0.277114252435522 0.634109187575714
0.278249964430275 0.640965812658384
0.269166726952136 0.655224810960202
0.27430254999648 0.65150841214797
0.279438373040824 0.647792013335739
0.28067866379127 0.654586420596876
0.281969986648285 0.661347687220509
0.272897443011221 0.676599648450353
0.278104449807454 0.672337068574322
0.283311456603688 0.668074488698291
0.284702154280977 0.674765524142566
0.286141126565433 0.681419517177928
0.277054727907892 0.697664565538876
0.282341057582611 0.692849891177433
0.287627387257329 0.68803521681599
0.289159917747828 0.694611398312744
0.290737667717083 0.701146864007946
0.281612950598324 0.718387049401676
0.2869862532262 0.7130137467738
0.292359555854076 0.707640444145924
NaN NaN
NaN NaN
0.264711458608055 0.264711458608055
0.270475553289252 0.270475553289252
0.276239647970449 0.276239647970449
0.274707186318215 0.283294144331109
0.27321642917563 0.290388216793698
0.260426805595894 0.287191083623052
0.266097601914534 0.292355921861366
0.271768398233174 0.297520760099681
0.270364085898924 0.304690642624527
0.269004454618407 0.311896707153274
0.256519027397097 0.30999259013698
0.262104731806042 0.314565180905298
0.267690436214988 0.319137771673616
0.266422931251243 0.326412630186006
0.265202808411762 0.33372005353018
0.253012216763727 0.333085416639541
0.25852156033576 0.337072103433554
0.264030903907792 0.341058790227567
0.262908020904142 0.348427567338986
0.261834928968734 0.355825091337057
0.249927994349472 0.356437205535835
0.255370178947325 0.359843627264278
0.260812363545178 0.363250048992721
0.259841025448738 0.37070110827526
0.258921580386024 0.378176919265205
0.247285375411124 0.380014002641689
0.25267001695494 0.382845058860595
0.258054658498756 0.385676115079501
0.257240853931891 0.393197312808305
0.25648072442643 0.40073911446276
0.245100652573198 0.403780466522495
0.250437721755182 0.406040287227801
0.255774790937165 0.408300107933108
0.255123537275649 0.415878867956478
0.25452740977861 0.423473957093691
0.243387295378483 0.427700086384908
0.24868705619027 0.429392006549659
0.253986817002057 0.431083926714411
0.253502129441276 0.438707317989959
0.253073679276911 0.446342662893127
0.242155867243834 0.451735407178026
0.247428813695569 0.452861946191155
0.252701760147303 0.453988485204285
0.252386626947245 0.461643301523113
0.252128495653291 0.469305622285248
0.241413960333193 0.475848260516236
0.246670751754465 0.476411106649694
0.251927543175737 0.476973952783153
0.251783907237372 0.484646794190522
0.251697686279095 0.492322644589495
0.241166148749373 0.5
0.246417544070907 0.5
0.251668939392442 0.5
0.251697686279095 0.507677355410505
0.251783907237372 0.515353205809478
0.241413960333193 0.524151739483764
0.246670751754465 0.523588893350306
0.251927543175737 0.523026047216847
0.252128495653291 0.530694377714752
0.252386626947245 0.538356698476887
0.242155867243834 0.548264592821974
0.247428813695568 0.547138053808845
0.252701760147303 0.546011514795715
0.253073679276911 0.553657337106874
0.253502129441276 0.561292682010041
0.243387295378483 0.572299913615093
0.24868705619027 0.570607993450341
0.253986817002057 0.568916073285589
0.25452740977861 0.576526042906309
0.255123537275649 0.584121132043522
0.245100652573198 0.596219533477506
0.250437721755182 0.593959712772199
0.255774790937165 0.591699892066892
0.25648072442643 0.59926088553724
0.257240853931891 0.606802687191695
0.247285375411124 0.619985997358312
0.25267001695494 0.617154941139405
0.258054658498756 0.614323884920499
0.258921580386024 0.621823080734795
0.259841025448738 0.62929889172474
0.249927994349472 0.643562794464165
0.255370178947325 0.640156372735722
0.260812363545178 0.636749951007278
0.261834928968734 0.644174908662943
0.262908020904142 0.651572432661014
0.253012216763727 0.666914583360459
0.25852156033576 0.662927896566446
0.264030903907792 0.658941209772433
0.265202808411762 0.666279946469819
0.266422931251243 0.673587369813994
0.256519027397097 0.690007409863021
0.262104731806043 0.685434819094702
0.267690436214988 0.680862228326384
0.269004454618407 0.688103292846726
0.270364085898924 0.695309357375473
0.260426805595895 0.712808916376948
0.266097601914534 0.707644078138634
0.271768398233174 0.702479239900319
0.27321642917563 0.709611783206302
0.274707186318215 0.716705855668891
0.264711458608055 0.735288541391945
0.270475553289252 0.729524446710748
0.276239647970449 0.723760352029551
NaN NaN
NaN NaN
0.246580747045302 0.246580747045302
0.25276405548608 0.25276405548608
0.258947363926859 0.258947363926859
0.257510832610372 0.266603571086197
0.256113395149226 0.274296876929031
0.242589560014246 0.27094530739168
0.24867278464575 0.276485776388209
0.254756009277255 0.282026245384737
0.25343960527893 0.28979061566718
0.252165085351798 0.297588903001719
0.238949434752523 0.295609702814651
0.244941378870337 0.300514851091656
0.250933322988152 0.305419999368661
0.249745162376388 0.313282774262642
0.248601417822441 0.321176075467415
0.235682813842836 0.32054546503377
0.241592843517266 0.324822097439649
0.247502873191695 0.329098729845528
0.246450281371767 0.337049544142328
0.245444363756513 0.345027305803759
0.232809837089355 0.34572245270206
0.238647823420487 0.349376618254726
0.244485809751619 0.353030783807392
0.24357527630212 0.361058729506096
0.242713387442159 0.369109877483809
0.230348217349128 0.37110903723743
0.236124475608218 0.374145991830106
0.241900733867309 0.377182946422782
0.241137872529736 0.385276639981737
0.240425326256497 0.39338964768431
0.228313131326424 0.396672297823408
0.234038357358819 0.399096471820298
0.239763583391214 0.401520645817188
0.239153097459392 0.409668298337316
0.238594286857595 0.417831257787554
0.226717126003308 0.422378224376918
0.232402330285002 0.424193195298537
0.238087534566696 0.426008166220156
0.237633187889402 0.434197656127441
0.23723155821223 0.442398351379014
0.225570041283323 0.448191927231753
0.231226481037711 0.449400397698324
0.2368829207921 0.450608868164896
0.236587514567684 0.458827815943919
0.236345541995653 0.467053798396734
0.224878949325212 0.474077852244969
0.230518059118566 0.474681633313873
0.236157168911921 0.475285414382777
0.23602252441799 0.483521258900542
0.235941700792471 0.4917599240505
0.224648110940707 0.5
0.230281432184273 0.5
0.235914753427838 0.5
0.235941700792471 0.5082400759495
0.23602252441799 0.516478741099458
0.224878949325212 0.525922147755031
0.230518059118566 0.525318366686128
0.236157168911921 0.524714585617224
0.236345541995653 0.532946201603266
0.236587514567684 0.541172184056081
0.225570041283323 0.551808072768247
0.231226481037712 0.550599602301676
0.2368829207921 0.549391131835104
0.23723155821223 0.557601648620986
0.237633187889402 0.565802343872559
0.226717126003308 0.577621775623082
0.232402330285002 0.575806804701463
0.238087534566696 0.573991833779844
0.238594286857595 0.582168742212446
0.239153097459392 0.590331701662684
0.228313131326424 0.603327702176592
0.234038357358819 0.600903528179702
0.239763583391214 0.598479354182812
0.240425326256497 0.60661035231569
0.241137872529736 0.614723360018263
0.230348217349128 0.62889096276257
0.236124475608218 0.625854008169894
0.241900733867309 0.622817053577218
0.242713387442159 0.630890122516191
0.24357527630212 0.638941270493904
0.232809837089355 0.65427754729794
0.238647823420487 0.650623381745274
0.244485809751619 0.646969216192609
0.245444363756513 0.654972694196241
0.246450281371767 0.662950455857673
0.235682813842836 0.67945453496623
0.241592843517266 0.675177902560351
0.247502873191695 0.670901270154472
0.248601417822441 0.678823924532585
0.249745162376388 0.686717225737358
0.238949434752523 0.70439029718535
0.244941378870337 0.699485148908344
0.250933322988152 0.694580000631339
0.252165085351798 0.702411096998281
0.25343960527893 0.710209384332821
0.242589560014246 0.72905469260832
0.24867278464575 0.723514223611792
0.254756009277255 0.717973754615263
0.256113395149226 0.725703123070969
0.257510832610372 0.733396428913803
0.246580747045302 0.753419252954698
0.25276405548608 0.74723594451392
0.258947363926859 0.741052636073141
NaN NaN
NaN NaN
0.227131416657133 0.227131416657133
0.233764427630828 0.233764427630828
0.240397438604524 0.240397438604524
0.239063814489871 0.248699118065438
0.237766483707372 0.257035238612574
0.223455038937582 0.253518000788594
0.229980687160162 0.259461419591873
0.236506335382741 0.265404838395152
0.235284233158695 0.273806932617396
0.234101014603052 0.282240514213465
0.22010203260026 0.280180770171849
0.226529761617484 0.285442662354747
0.232957490634708 0.290704554537645
0.23185444496787 0.299198004069331
0.230792633574939 0.307719793132315
0.217093070044223 0.307093501993702
0.223432927106315 0.311681167310797
0.229772784168406 0.316268832627892
0.228795595702112 0.324844014781269
0.227861737892219 0.333444213900784
0.214446702524211 0.334228432339408
0.220709276641217 0.338148359744401
0.226971850758223 0.342068287149394
0.226126544184316 0.350715075327922
0.225326397501398 0.359383403669511
0.212179245775991 0.361556427366429
0.218375602433014 0.364814255005592
0.224571959090038 0.368072082644754
0.223863746004638 0.376779908776935
0.223202243619071 0.385505665466833
0.210304679424422 0.389047162924269
0.216446292359225 0.391647643375393
0.222587905294029 0.394248123826518
0.222021152066313 0.403006043521572
0.221502372360276 0.411778173621148
0.208834560794418 0.416669311512942
0.214933241258016 0.41861628248412
0.221031921721614 0.420563253455299
0.220610122573696 0.429360013478974
0.220237263996588 0.438167176142107
0.207777953656196 0.444390735427427
0.213845777592565 0.445687096096304
0.219913601528935 0.446983456765181
0.219639356992823 0.455807564419684
0.21941471834176 0.464638202812848
0.207141372344123 0.472178684897309
0.21319060593799 0.472826378036687
0.219239839531857 0.473474071176065
0.219114840416313 0.482313865156363
0.219039806663279 0.491156277710353
0.20692874159367 0.5
0.212971765645406 0.5
0.219014789697142 0.5
0.219039806663279 0.508843722289647
0.219114840416313 0.517686134843636
0.207141372344123 0.527821315102691
0.21319060593799 0.527173621963313
0.219239839531857 0.526525928823935
0.219414718341761 0.535361797187152
0.219639356992823 0.544192435580316
0.207777953656196 0.555609264572573
0.213845777592565 0.554312903903696
0.219913601528935 0.553016543234819
0.220237263996588 0.561832823857893
0.220610122573696 0.570639986521026
0.208834560794418 0.583330688487058
0.214933241258016 0.58138371751588
0.221031921721614 0.579436746544701
0.221502372360276 0.588221826378852
0.222021152066313 0.596993956478428
0.210304679424422 0.610952837075731
0.216446292359225 0.608352356624606
0.222587905294029 0.605751876173482
0.223202243619071 0.614494334533168
0.223863746004638 0.623220091223065
0.212179245775991 0.638443572633572
0.218375602433014 0.635185744994409
0.224571959090038 0.631927917355246
0.225326397501398 0.640616596330489
0.226126544184316 0.649284924672078
0.214446702524211 0.665771567660592
0.220709276641217 0.661851640255599
0.226971850758223 0.657931712850606
0.227861737892219 0.666555786099216
0.228795595702112 0.675155985218731
0.217093070044223 0.692906498006298
0.223432927106315 0.688318832689203
0.229772784168406 0.683731167372108
0.230792633574939 0.692280206867685
0.23185444496787 0.700801995930669
0.22010203260026 0.719819229828152
0.226529761617484 0.714557337645253
0.232957490634708 0.709295445462355
0.234101014603052 0.717759485786535
0.235284233158695 0.726193067382604
0.223455038937582 0.746481999211406
0.229980687160162 0.740538580408127
0.236506335382741 0.734595161604848
0.237766483707372 0.742964761387426
0.239063814489871 0.751300881934562
0.227131416657133 0.772868583342867
0.233764427630828 0.766235572369172
0.240397438604524 0.759602561395476
NaN NaN
NaN NaN
0.206267566320156 0.206267566320156
0.213382986001796 0.213382986001796
0.220498405683437 0.220498405683437
0.219275173053469 0.229492501655767
0.218085229554712 0.238518187834073
0.202928893510176 0.234823232923241
0.20992914211259 0.241198907454278
0.216929390715003 0.247574581985316
0.215808448688546 0.256660780830741
0.214723171713014 0.265775860664948
0.199883887815964 0.263629714937858
0.2067790956995 0.269274296463404
0.213674303583036 0.27491887798895
0.212662563140435 0.284088870156798
0.211688643781573 0.293284856035334
0.19715132271019 0.292663198327451
0.203952267846161 0.297584517502029
0.210753212982131 0.302505836676608
0.209856911839653 0.311750796002508
0.209000354634169 0.321018701501132
0.194748045365402 0.321898469516502
0.201466086886303 0.326103487225458
0.208184128407204 0.330308504934414
0.207408792559442 0.33961914305654
0.206674878467343 0.348949538342638
0.192688872785602 0.351309070840605
0.199335880952285 0.354803835283936
0.205982889118967 0.358298599727266
0.205333298769248 0.367665223352168
0.204726552614962 0.377048293322808
0.190986500454488 0.380867463666773
0.197574783472053 0.383657073069959
0.204163066489618 0.386446682473144
0.203643226578458 0.395859253138135
0.203167389153791 0.405284857933436
0.189651424063578 0.410545198178259
0.196193652197199 0.412633769360011
0.202735880330819 0.414722340541763
0.202348995844135 0.424170536505372
0.202007000845042 0.433628274024117
0.18869187480278 0.440313088777144
0.195201002261304 0.441703731767847
0.201710129719827 0.443094374758551
0.201458585929132 0.452567654637494
0.201252541868506 0.46204692466954
0.188113768612369 0.470141394023247
0.194602953681312 0.470836192890589
0.201092138750256 0.471530991757931
0.200977486506666 0.481018659518247
0.200908663714658 0.490508729098346
0.187920669709249 0.5
0.194403193625592 0.5
0.200885717541935 0.5
0.200908663714658 0.509491270901654
0.200977486506666 0.518981340481752
0.188113768612369 0.529858605976753
0.194602953681312 0.529163807109411
0.201092138750256 0.528469008242068
0.201252541868506 0.53795307533046
0.201458585929132 0.547432345362506
0.18869187480278 0.559686911222856
0.195201002261304 0.558296268232153
0.201710129719827 0.556905625241449
0.202007000845042 0.566371725975883
0.202348995844135 0.575829463494628
0.189651424063578 0.589454801821741
0.196193652197199 0.587366230639989
0.202735880330819 0.585277659458237
0.203167389153791 0.594715142066564
0.203643226578458 0.604140746861866
0.190986500454488 0.619132536333227
0.197574783472053 0.616342926930042
0.204163066489618 0.613553317526856
0.204726552614962 0.622951706677192
0.205333298769248 0.632334776647831
0.192688872785602 0.648690929159395
0.199335880952285 0.645196164716064
0.205982889118967 0.641701400272734
0.206674878467343 0.651050461657362
0.207408792559442 0.660380856943461
0.194748045365402 0.678101530483498
0.201466086886303 0.673896512774542
0.208184128407204 0.669691495065586
0.209000354634169 0.678981298498868
0.209856911839653 0.688249203997492
0.19715132271019 0.707336801672549
0.203952267846161 0.702415482497971
0.210753212982131 0.697494163323393
0.211688643781573 0.706715143964667
0.212662563140435 0.715911129843202
0.199883887815964 0.736370285062142
0.2067790956995 0.730725703536596
0.213674303583036 0.72508112201105
0.214723171713014 0.734224139335052
0.215808448688546 0.743339219169259
0.202928893510176 0.765176767076759
0.20992914211259 0.758801092545722
0.216929390715003 0.752425418014685
0.218085229554712 0.761481812165927
0.219275173053469 0.770507498344233
0.206267566320156 0.793732433679844
0.213382986001796 0.786617013998204
0.220498405683437 0.779501594316563
NaN NaN
NaN NaN
0.183886320169463 0.183886320169463
0.191519233403989 0.191519233403989
0.199152146638515 0.199152146638515
0.198047334096486 0.208889017512433
0.196972587993804 0.218654420371938
0.180909913028827 0.214768823283282
0.188419278968295 0.221608190837743
0.195928644907763 0.228447558392204
0.194916220304808 0.238267615740108
0.193936008050191 0.248113758133368
0.178195308391786 0.245874926858827
0.185591994162107 0.25193003013557
0.192988679932428 0.257985133412312
0.19207488520289 0.267880872123911
0.191195250130841 0.277800088117653
0.175759242698626 0.277183400822807
0.183054810136423 0.28246263998784
0.190350377574219 0.287741879152873
0.189540846566474 0.297705327517099
0.18876721191972 0.307689500655005
0.173616735104418 0.308671767421191
0.18082336947446 0.313182609614368
0.188030003844501 0.317693451807545
0.187329727586407 0.327716220660806
0.186666863079806 0.337756834004165
0.171780994880938 0.340316439802034
0.178911429749929 0.344065373099654
0.18604186461892 0.347814306397275
0.185455160546474 0.35788764084544
0.184907152960133 0.367975829482903
0.170263339977108 0.372092867436268
0.177330778707016 0.375085360849928
0.184398217436923 0.378077854263587
0.183928702775831 0.388192687658816
0.183498930758751 0.398319293361528
0.169073127240082 0.403975687479874
0.17609116158502 0.406216157238191
0.183109195929958 0.408456626996507
0.182759765394234 0.418603636836153
0.182450878633815 0.428759264521274
0.16821769472717 0.43593888114425
0.175200221035713 0.437430663465345
0.182182747344256 0.43892244578644
0.181955555289352 0.449092111189374
0.181769458175186 0.459267186843895
0.167702316464274 0.467955934110695
0.17466345000385 0.4687012646333
0.181624583543426 0.469446595155905
0.181521030683907 0.479629255561919
0.181458870566587 0.48981408526963
0.167530169929765 0.5
0.174484157861336 0.5
0.181438145792906 0.5
0.181458870566587 0.51018591473037
0.181521030683907 0.520370744438081
0.167702316464274 0.532044065889305
0.17466345000385 0.5312987353667
0.181624583543426 0.530553404844095
0.181769458175186 0.540732813156105
0.181955555289352 0.550907888810626
0.16821769472717 0.56406111885575
0.175200221035713 0.562569336534655
0.182182747344256 0.56107755421356
0.182450878633815 0.571240735478726
0.182759765394234 0.581396363163848
0.169073127240082 0.596024312520126
0.17609116158502 0.59378384276181
0.183109195929958 0.591543373003493
0.183498930758751 0.601680706638473
0.183928702775831 0.611807312341184
0.170263339977108 0.627907132563732
0.177330778707016 0.624914639150072
0.184398217436923 0.621922145736413
0.184907152960133 0.632024170517098
0.185455160546474 0.64211235915456
0.171780994880938 0.659683560197966
0.178911429749929 0.655934626900346
0.18604186461892 0.652185693602725
0.186666863079806 0.662243165995835
0.187329727586407 0.672283779339194
0.173616735104418 0.69132823257881
0.18082336947446 0.686817390385632
0.188030003844501 0.682306548192455
0.18876721191972 0.692310499344995
0.189540846566474 0.702294672482902
0.175759242698626 0.722816599177193
0.183054810136423 0.71753736001216
0.190350377574219 0.712258120847127
0.191195250130841 0.722199911882347
0.19207488520289 0.732119127876089
0.178195308391786 0.754125073141173
0.185591994162107 0.74806996986443
0.192988679932428 0.742014866587688
0.193936008050191 0.751886241866632
0.194916220304809 0.761732384259892
0.180909913028827 0.785231176716718
0.188419278968295 0.778391809162257
0.195928644907763 0.771552441607797
0.196972587993804 0.781345579628062
0.198047334096486 0.791110982487567
0.183886320169463 0.816113679830537
0.191519233403989 0.80848076659601
0.199152146638515 0.800847853361485
NaN NaN
NaN NaN
0.159877320336383 0.159877320336383
0.16806536363566 0.16806536363566
0.176253406934937 0.176253406934937
0.175275626992095 0.186787073589044
0.174324456415302 0.197345991588673
0.157289525891225 0.193255887209193
0.165345036490292 0.200592671469007
0.173400547089359 0.207929455728821
0.172504532215568 0.218536743981783
0.171637025877767 0.229167117992
0.154929351873154 0.226828860292393
0.16286398724731 0.233324341937239
0.170798622621466 0.239819823582085
0.169989897046378 0.250494091269704
0.169211403412616 0.261189136794937
0.152811349539826 0.260577781403639
0.160637512400328 0.266240971530707
0.168463675260829 0.271904161657774
0.167747225046544 0.282638353665363
0.167062543788948 0.293390887488649
0.150948577079936 0.294483107582484
0.158679338907156 0.299322016405249
0.166410100734377 0.304160925228013
0.165790343034708 0.314947616987526
0.165203695440913 0.325750101457425
0.149352519105132 0.32852433157923
0.15700153955854 0.332545919041822
0.164650560011947 0.336567506504413
0.164131315839205 0.347398949769375
0.163646318786704 0.358243539272101
0.148033015843573 0.36268010828894
0.155614458545387 0.365890241155774
0.1631959012472 0.369100374022609
0.162780371914375 0.379968544638632
0.162400015571277 0.390847133968871
0.146998202471646 0.396928386351109
0.154526647683395 0.399331802036333
0.162055092895144 0.401735217721558
0.16174584027875 0.412631865097923
0.161472469668391 0.423536139430117
0.146254458957898 0.431246544103636
0.153744813688262 0.432846821463396
0.161235168418627 0.434447098823155
0.161034099163882 0.445363796800446
0.160869399706978 0.45628528295246
0.145806370728412 0.46561152905289
0.153273776826555 0.46641106632049
0.160741182924698 0.46721060358809
0.160649536690419 0.478138802388267
0.160594523813892 0.489068921061372
0.145656700396127 0.5
0.153116441197161 0.5
0.160576181998195 0.5
0.160594523813892 0.510931078938628
0.160649536690419 0.521861197611733
0.145806370728412 0.53438847094711
0.153273776826555 0.53358893367951
0.160741182924698 0.53278939641191
0.160869399706978 0.54371471704754
0.161034099163882 0.554636203199554
0.146254458957898 0.568753455896364
0.153744813688262 0.567153178536604
0.161235168418627 0.565552901176845
0.161472469668391 0.576463860569883
0.16174584027875 0.587368134902077
0.146998202471646 0.603071613648891
0.154526647683395 0.600668197963667
0.162055092895144 0.598264782278442
0.162400015571277 0.60915286603113
0.162780371914375 0.620031455361368
0.148033015843573 0.63731989171106
0.155614458545387 0.634109758844226
0.1631959012472 0.630899625977391
0.163646318786705 0.641756460727899
0.164131315839205 0.652601050230625
0.149352519105132 0.67147566842077
0.15700153955854 0.667454080958179
0.164650560011947 0.663432493495587
0.165203695440913 0.674249898542575
0.165790343034708 0.685052383012474
0.150948577079936 0.705516892417516
0.158679338907156 0.700677983594751
0.166410100734377 0.695839074771987
0.167062543788948 0.706609112511351
0.167747225046544 0.717361646334637
0.152811349539826 0.739422218596361
0.160637512400328 0.733759028469293
0.168463675260829 0.728095838342226
0.169211403412616 0.738810863205063
0.169989897046378 0.749505908730297
0.154929351873154 0.773171139707607
0.16286398724731 0.766675658062762
0.170798622621466 0.760180176417915
0.171637025877767 0.770832882008001
0.172504532215568 0.781463256018217
0.157289525891225 0.806744112790808
0.165345036490292 0.799407328530993
0.173400547089359 0.79207054427118
0.174324456415302 0.802654008411327
0.175275626992095 0.813212926410956
0.159877320336383 0.840122679663617
0.16806536363566 0.83193463636434
0.176253406934937 0.823746593065063
NaN NaN
NaN NaN
0.134122182793828 0.134122182793828
0.142905729915467 0.142905729915467
0.151689277037106 0.151689277037106
0.150847768579423 0.163077689205593
0.150029160986856 0.174487833483621
0.131951264249059 0.170178348311927
0.140592639770609 0.178048725630653
0.149234015292158 0.185919102949378
0.148462876448471 0.197370876202902
0.147716272955837 0.208842517791958
0.129971298044903 0.206397602535988
0.13848300727195 0.213365490591768
0.146994716498997 0.220333378647547
0.146298701596705 0.231842796528747
0.145628705262808 0.243370096476574
0.128194491331414 0.242764460769986
0.13658983900537 0.248839526023279
0.144985186679325 0.254914591276572
0.144368586881749 0.266475581929789
0.143779328456783 0.278052358131842
0.12663179871283 0.279262528290094
0.134924806982773 0.284453363524907
0.143217815252715 0.28964419875972
0.142684432102649 0.301250372366007
0.142179544560752 0.31287013768018
0.125292854708791 0.315874601423602
0.133498176680258 0.32018867277012
0.141703498651725 0.324502744116638
0.141256620633656 0.336147432289117
0.140839216774416 0.347803434531133
0.124185914354327 0.352582773615283
0.132318743748044 0.356026374518694
0.14045157314176 0.359469975422105
0.140093955407271 0.371146272318789
0.139766608664281 0.382831535891661
0.123317802304819 0.389368545827263
0.131393779782358 0.391946758246574
0.139469757259896 0.394524970665885
0.139203604641241 0.406225775566492
0.138968333216026 0.417933144467397
0.122693870759727 0.426212940591734
0.13072898749363 0.427929603667805
0.138764104227533 0.429646266743876
0.138591057644111 0.441364327828131
0.138449312063242 0.453086509767549
0.122317966464506 0.463096619013362
0.130328465547387 0.463954305399326
0.138338964630269 0.46481199178529
0.138260090971809 0.476539950842805
0.138212745143928 0.488269562203907
0.122192406994136 0.5
0.130194683294614 0.5
0.138196959595093 0.5
0.138212745143928 0.511730437796093
0.138260090971809 0.523460049157195
0.122317966464506 0.536903380986638
0.130328465547387 0.536045694600674
0.138338964630269 0.53518800821471
0.138449312063242 0.546913490232452
0.138591057644111 0.558635672171869
0.122693870759727 0.573787059408265
0.13072898749363 0.572070396332195
0.138764104227533 0.570353733256123
0.138968333216026 0.582066855532603
0.139203604641241 0.593774224433508
0.123317802304819 0.610631454172737
0.131393779782358 0.608053241753426
0.139469757259896 0.605475029334115
0.139766608664281 0.617168464108339
0.140093955407271 0.628853727681211
0.124185914354327 0.647417226384717
0.132318743748044 0.643973625481306
0.14045157314176 0.640530024577894
0.140839216774416 0.652196565468867
0.141256620633656 0.663852567710883
0.125292854708791 0.684125398576398
0.133498176680258 0.67981132722988
0.141703498651725 0.675497255883362
0.142179544560752 0.68712986231982
0.142684432102649 0.698749627633993
0.12663179871283 0.720737471709907
0.134924806982773 0.715546636475093
0.143217815252715 0.71035580124028
0.143779328456783 0.721947641868158
0.144368586881749 0.733524418070211
0.128194491331414 0.757235539230014
0.13658983900537 0.751160473976721
0.144985186679325 0.745085408723429
0.145628705262808 0.756629903523426
0.146298701596705 0.768157203471253
0.129971298044903 0.793602397464013
0.13848300727195 0.786634509408233
0.146994716498997 0.779666621352453
0.147716272955837 0.791157482208042
0.148462876448471 0.802629123797098
0.131951264249059 0.829821651688073
0.140592639770609 0.821951274369347
0.149234015292159 0.814080897050622
0.150029160986856 0.825512166516379
0.150847768579423 0.836922310794408
0.134122182793828 0.865877817206172
0.142905729915467 0.857094270084533
0.151689277037106 0.848310722962894
NaN NaN
NaN NaN
0.106493913626116 0.106493913626116
0.115916274649153 0.115916274649153
0.12533863567219 0.12533863567219
0.124643309515637 0.137643957684477
0.123966906009684 0.149967236621693
0.10477018972616 0.145422415429467
0.114040039226835 0.153865193211335
0.123309888727509 0.162307970993201
0.122672707955937 0.174665647345283
0.122055800386842 0.187039740613032
0.103198083266693 0.18448041076032
0.112328836042274 0.191955062620264
0.121459588817856 0.199429714480208
0.120884481862606 0.211835021746801
0.120330873670673 0.224255104704055
0.101787286806815 0.223655604666067
0.110793215232137 0.23017250009138
0.119799143657459 0.236689395516693
0.119289656244153 0.249137316612087
0.11880276060798 0.261598281076089
0.10054649837584 0.262934979625915
0.109442644409364 0.268503336340598
0.118338790442887 0.274071693055281
0.11789806373085 0.286556948165339
0.117480882523942 0.299053433905249
0.0994833678470486 0.30230487580823
0.108285450292187 0.306932702942656
0.117087532737324 0.311560530077083
0.116718283953292 0.324077609211055
0.116373389236517 0.336604036995555
0.0986044497736772 0.341751075287937
0.107328767367144 0.345445123999905
0.116053084960611 0.349139172711872
0.115757590646125 0.361682369673318
0.115487108810101 0.374232975668427
0.0979151629779181 0.381258889704763
0.106578493902599 0.384024611556357
0.11524182482728 0.386790333407952
0.11502190680305 0.399353780975339
0.114827505458241 0.411922652280369
0.0974197571420785 0.420813250821855
0.106039255583951 0.422654764168759
0.114658754025824 0.424496277515663
0.1145157681596 0.43707398361574
0.114398645854942 0.449655094718292
0.0971212866078754 0.460398803426478
0.10571437699475 0.461318868026938
0.114307467381625 0.462238932627398
0.11424229522882 0.474824817278316
0.114203174062267 0.487412067203572
0.0970215915454036 0.5
0.105605861119531 0.5
0.114190130693658 0.5
0.114203174062267 0.512587932796428
0.11424229522882 0.525175182721683
0.0971212866078754 0.539601196573523
0.10571437699475 0.538681131973062
0.114307467381625 0.537761067372602
0.114398645854942 0.550344905281708
0.1145157681596 0.56292601638426
0.0974197571420785 0.579186749178145
0.106039255583951 0.577345235831241
0.114658754025824 0.575503722484337
0.114827505458241 0.588077347719632
0.11502190680305 0.600646219024661
0.0979151629779181 0.618741110295237
0.106578493902599 0.615975388443643
0.11524182482728 0.613209666592048
0.115487108810101 0.625767024331574
0.115757590646125 0.638317630326682
0.0986044497736772 0.658248924712063
0.107328767367144 0.654554876000095
0.116053084960611 0.650860827288128
0.116373389236517 0.663395963004446
0.116718283953292 0.675922390788945
0.0994833678470486 0.697695124191771
0.108285450292187 0.693067297057344
0.117087532737324 0.688439469922917
0.117480882523942 0.700946566094752
0.11789806373085 0.713443051834662
0.10054649837584 0.737065020374085
0.109442644409364 0.731496663659402
0.118338790442887 0.72592830694472
0.11880276060798 0.738401718923912
0.119289656244153 0.750862683387914
0.101787286806815 0.776344395333933
0.110793215232137 0.76982749990862
0.119799143657459 0.763310604483307
0.120330873670673 0.775744895295946
0.120884481862606 0.7881649782532
0.103198083266693 0.81551958923968
0.112328836042274 0.808044937379736
0.121459588817856 0.800570285519792
0.122055800386842 0.812960259386968
0.122672707955938 0.825334352654717
0.10477018972616 0.854577584570533
0.114040039226835 0.846134806788666
0.123309888727509 0.837692029006799
0.123966906009684 0.850032763378307
0.124643309515637 0.862356042315523
0.106493913626116 0.893506086373884
0.115916274649153 0.884083725350847
0.12533863567219 0.87466136432781
NaN NaN
NaN NaN
0.076856282844982 0.076856282844982
0.0869639177240306 0.0869639177240306
0.0970715526030793 0.0970715526030793
0.0965330403620599 0.110360469904857
0.096009183227691 0.123663294383568
0.0756122773700138 0.118866021543226
0.0855563087977496 0.127922829595413
0.0955003402254854 0.1369796376476
0.0950068600910194 0.150309102040243
0.0945290810309273 0.163651280912216
0.0744776936684941 0.160969215264741
0.0842725120798027 0.168987487082558
0.0940673304911113 0.177005758900376
0.0936219249323265 0.190372112212373
0.0931931696132943 0.203749908917109
0.0734595268262301 0.203156990785482
0.0831204426038618 0.210147850013118
0.0927813583814936 0.217138709240753
0.0923867734717722 0.230538065868144
0.0920096853129173 0.243947524249358
0.0725640541803791 0.245419953406486
0.082107203261348 0.251393288158859
0.091650352342317 0.257366622911232
0.0913090208288403 0.270794893773639
0.0909859247040566 0.284231862470282
0.0717967966175778 0.287748244875312
0.0812390410097443 0.292712646774557
0.0906812854019109 0.297677048673803
0.0903953117069637 0.311129966424975
0.0901281996113008 0.324590124465756
0.0711624845358399 0.330131604165451
0.080521308358025 0.33409431537071
0.0898801321802102 0.33805702657597
0.0896512794267178 0.351530171913392
0.0894417981950693 0.365009055357002
0.0706650286800793 0.372559430738962
0.0799584303666583 0.375526299296065
0.0892518320532373 0.378493167853168
0.0890815111945261 0.391981996764529
0.0889309523483448 0.405475026221324
0.0703074960310679 0.415020849902316
0.0795538773656368 0.416996293688634
0.0888002587002059 0.418971737474951
0.0886895198210075 0.432471609253489
0.0885988116056458 0.44597411811895
0.0700920908964782 0.457504779852496
0.0793101435587395 0.458491759339257
0.0885281962210009 0.459478738826017
0.0884777220633298 0.472984944682025
0.0884474237250991 0.486492207907925
0.0700201413205947 0.5
0.0792287316459355 0.5
0.0884373219712764 0.5
0.0884474237250991 0.513507792092075
0.0884777220633298 0.527015055317975
0.0700920908964782 0.542495220147504
0.0793101435587395 0.541508240660743
0.0885281962210008 0.540521261173982
0.0885988116056458 0.55402588188105
0.0886895198210075 0.567528390746511
0.0703074960310679 0.584979150097684
0.0795538773656368 0.583003706311367
0.0888002587002059 0.581028262525049
0.0889309523483448 0.594524973778677
0.0890815111945261 0.608018003235472
0.0706650286800794 0.627440569261038
0.0799584303666583 0.624473700703935
0.0892518320532373 0.621506832146832
0.0894417981950693 0.634990944642998
0.0896512794267177 0.648469828086608
0.0711624845358399 0.669868395834549
0.080521308358025 0.66590568462929
0.0898801321802102 0.661942973424031
0.0901281996113008 0.675409875534244
0.0903953117069637 0.688870033575025
0.0717967966175778 0.712251755124688
0.0812390410097443 0.707287353225443
0.0906812854019109 0.702322951326197
0.0909859247040566 0.715768137529718
0.0913090208288403 0.729205106226361
0.0725640541803791 0.754580046593515
0.082107203261348 0.748606711841141
0.091650352342317 0.742633377088768
0.0920096853129173 0.756052475750642
0.0923867734717722 0.769461934131856
0.0734595268262301 0.796843009214518
0.0831204426038618 0.789852149986883
0.0927813583814936 0.782861290759247
0.0931931696132943 0.796250091082891
0.0936219249323265 0.809627887787627
0.0744776936684941 0.839030784735259
0.0842725120798027 0.831012512917442
0.0940673304911113 0.822994241099625
0.0945290810309274 0.836348719087784
0.0950068600910194 0.849690897959758
0.0756122773700138 0.881133978456775
0.0855563087977496 0.872077170404587
0.0955003402254855 0.8630203623524
0.0960091832276911 0.876336705616432
0.0965330403620599 0.889639530095143
0.076856282844982 0.923143717155018
0.0869639177240306 0.91303608227597
0.0970715526030793 0.902928447396921
NaN NaN
NaN NaN
0.0450631526641976 0.0450631526641976
0.0559059003150655 0.0559059003150655
0.0667486479659333 0.0667486479659333
0.0663783544758505 0.0810926959330104
0.066018138176546 0.0954463067970681
0.0443337547990073 0.0903782218876972
0.0550010003706427 0.100093717689368
0.065668245942278 0.109809213491038
0.0653289175717064 0.124181142576956
0.0650003856235467 0.138561814433357
0.0436685142141222 0.135748086605137
0.0541756947356539 0.14434951502603
0.0646828752571855 0.152950943446924
0.0643766040783679 0.16734823820822
0.0640817819900613 0.181753401711419
0.0430715323389629 0.1811675441781
0.0534350716937807 0.188666837867973
0.0637986110485984 0.196166131557847
0.0635272853251976 0.210586120163239
0.0632679907729569 0.225013054968539
0.0425464897653065 0.226631086211722
0.0527836974323584 0.233038852432917
0.0630209050994102 0.239446618654112
0.0627861976447361 0.253886489357221
0.0625640292657 0.268332340892611
0.042096623555214 0.27213293251578
0.0522255878903127 0.277458387745923
0.0623545522254114 0.282783842976066
0.06215791008897 0.297240661450767
0.0619742376250738 0.311702458516304
0.0417247072834661 0.317667066741487
0.0517641839985605 0.321917979850839
0.0618036607136548 0.326168892960191
0.0616462962596075 0.340639620391714
0.0615022521126684 0.355114293477959
0.0414330339375531 0.36322727347428
0.0514023304655268 0.36640991782807
0.0613716269935004 0.369592562181859
0.0612545104260355 0.384074074002088
0.0611509826761188 0.398558474214653
0.0412234017806436 0.408807176553924
0.0511422582385713 0.410926291334961
0.0610611146964989 0.413045406115998
0.0609849680781999 0.427534511267477
0.0609225950083104 0.442025429741004
0.0410971032646948 0.454400278385651
0.0509855707494559 0.455459039375693
0.060874038234217 0.456517800365735
0.060839331034307 0.471011260975594
0.0608184971951618 0.485505448657481
0.041054917062056 0.5
0.0509332340286549 0.5
0.0608115509952539 0.5
0.0608184971951618 0.514494551342519
0.0608393310343071 0.528988739024406
0.0410971032646948 0.54559972161435
0.0509855707494559 0.544540960624307
0.060874038234217 0.543482199634264
0.0609225950083104 0.557974570258996
0.0609849680781999 0.572465488732523
0.0412234017806436 0.591192823446076
0.0511422582385713 0.589073708665039
0.0610611146964989 0.586954593884002
0.0611509826761188 0.601441525785347
0.0612545104260355 0.615925925997912
0.0414330339375531 0.63677272652572
0.0514023304655268 0.633590082171931
0.0613716269935004 0.630407437818141
0.0615022521126684 0.644885706522041
0.0616462962596075 0.659360379608286
0.0417247072834661 0.682332933258513
0.0517641839985605 0.678082020149161
0.0618036607136548 0.673831107039808
0.0619742376250738 0.688297541483696
0.06215791008897 0.702759338549233
0.042096623555214 0.72786706748422
0.0522255878903127 0.722541612254077
0.0623545522254114 0.717216157023934
0.0625640292657 0.73166765910739
0.0627861976447361 0.74611351064278
0.0425464897653065 0.773368913788278
0.0527836974323584 0.766961147567083
0.0630209050994102 0.760553381345888
0.0632679907729569 0.774986945031461
0.0635272853251976 0.789413879836761
0.0430715323389629 0.8188324558219
0.0534350716937807 0.811333162132027
0.0637986110485984 0.803833868442154
0.0640817819900613 0.818246598288582
0.0643766040783679 0.83265176179178
0.0436685142141222 0.864251913394863
0.0541756947356539 0.85565048497397
0.0646828752571855 0.847049056553077
0.0650003856235467 0.861438185566643
0.0653289175717064 0.875818857423045
0.0443337547990073 0.909621778112303
0.0550010003706427 0.899906282310632
0.065668245942278 0.890190786508962
0.066018138176546 0.904553693202932
0.0663783544758505 0.91890730406699
0.0450631526641976 0.954936847335802
0.0559059003150655 0.944094099684934
0.0667486479659333 0.933251352034067
NaN NaN
NaN NaN
0.0109577569206305 0.0109577569206305
0.0225890809669801 0.0225890809669801
0.0342204050133297 0.0342204050133297
0.0340305645657614 0.0496963216796061
0.0338458904483037 0.0651771410100973
0.010780393286871 0.0598185482855529
0.0222234512571215 0.0702406371857898
0.033666509227372 0.0806627260860267
0.0334925438418949 0.0961529367224134
0.0333241135190577 0.111647629564149
0.0106186304231577 0.10869266396685
0.0218899820578741 0.117919661075547
0.0331613336925906 0.127146658184244
0.0330043159236554 0.142649873184186
0.0328531678243879 0.158157122296323
0.0104734656513371 0.157578838867791
0.0215907293177411 0.165623544678009
0.0327079929841452 0.173668250488227
0.0325688908985113 0.189183100068941
0.0324359569011073 0.204701510797056
0.0103457939604995 0.206475733542546
0.0213275380293771 0.213349526766536
0.0323092820982547 0.220223319990527
0.032188953306536 0.235748362638174
0.0320750529932945 0.251276471512766
0.0102364024890742 0.255381942454313
0.0211020308545947 0.261094709869975
0.0319676592201153 0.266807477285637
0.0318668455893262 0.282341208642728
0.031772681193554 0.297877492402002
0.0101459656718588 0.304296002640924
0.0209155981201153 0.308856078136529
0.0316852305683719 0.313416153632134
0.0316045536480701 0.328957015772399
0.03153070572458 0.344499900753676
0.0100750410819049 0.35321640273449
0.0207693892457421 0.356630515927491
0.0314637374095794 0.360044629120491
0.0314036945998065 0.375591020154008
0.0313506184456037 0.39113889199588
0.0100240659928941 0.402141592279486
0.020664305657805 0.404414827026187
0.031304545322716 0.406688061772886
0.0312655068073603 0.42223834572227
0.0312335296545851 0.437789559317674
0.00999335468320133 0.451069991291829
0.0206009952315675 0.452205754343719
0.0312086357799337 0.453341517395608
0.0311908422444241 0.468894034282352
0.0311801612428569 0.484446923921204
0.00998309649826329 0.5
0.0205798482968601 0.5
0.031176600095457 0.5
0.0311801612428569 0.515553076078795
0.0311908422444241 0.531105965717648
0.00999335468320133 0.54893000870817
0.0206009952315675 0.547794245656281
0.0312086357799337 0.546658482604392
0.0312335296545851 0.562210440682326
0.0312655068073603 0.57776165427773
0.0100240659928941 0.597858407720513
0.020664305657805 0.595585172973814
0.031304545322716 0.593311938227113
0.0313506184456037 0.60886110800412
0.0314036945998065 0.624408979845992
0.0100750410819049 0.64678359726551
0.0207693892457421 0.643369484072509
0.0314637374095794 0.639955370879508
0.03153070572458 0.655500099246325
0.0316045536480701 0.671042984227601
0.0101459656718588 0.695703997359076
0.0209155981201153 0.691143921863471
0.0316852305683718 0.686583846367866
0.031772681193554 0.702122507597998
0.0318668455893262 0.717658791357272
0.0102364024890742 0.744618057545687
0.0211020308545947 0.738905290130025
0.0319676592201153 0.733192522714363
0.0320750529932945 0.748723528487234
0.032188953306536 0.764251637361827
0.0103457939604995 0.793524266457454
0.0213275380293771 0.786650473233464
0.0323092820982547 0.779776680009474
0.0324359569011072 0.795298489202945
0.0325688908985113 0.810816899931059
0.0104734656513371 0.842421161132209
0.0215907293177411 0.834376455321991
0.0327079929841452 0.826331749511773
0.0328531678243879 0.841842877703678
0.0330043159236554 0.857350126815815
0.0106186304231577 0.89130733603315
0.0218899820578741 0.882080338924453
0.0331613336925906 0.872853341815756
0.0333241135190577 0.888352370435852
0.0334925438418949 0.903847063277587
0.010780393286871 0.940181451714447
0.0222234512571215 0.92975936281421
0.033666509227372 0.919337273913974
0.0338458904483037 0.934822858989903
0.0340305645657614 0.950303678320394
0.0109577569206305 0.989042243079369
0.0225890809669801 0.97741091903302
0.0342204050133297 0.96577959498667
NaN NaN
NaN NaN
NaN NaN
NaN NaN
0 0
0 0.0166666666666667
0 0.0333333333333333
NaN NaN
NaN NaN
0 0.05
0 0.0666666666666667
0 0.0833333333333333
NaN NaN
NaN NaN
0 0.1
0 0.116666666666667
0 0.133333333333333
NaN NaN
NaN NaN
0 0.15
0 0.166666666666667
0 0.183333333333333
NaN NaN
NaN NaN
0 0.2
0 0.216666666666667
0 0.233333333333333
NaN NaN
NaN NaN
0 0.25
0 0.266666666666667
0 0.283333333333333
NaN NaN
NaN NaN
0 0.3
0 0.316666666666667
0 0.333333333333333
NaN NaN
NaN NaN
0 0.35
0 0.366666666666667
0 0.383333333333333
NaN NaN
NaN NaN
0 0.4
0 0.416666666666667
0 0.433333333333333
NaN NaN
NaN NaN
0 0.45
0 0.466666666666667
0 0.483333333333333
NaN NaN
NaN NaN
0 0.5
0 0.516666666666667
0 0.533333333333333
NaN NaN
NaN NaN
0 0.55
0 0.566666666666667
0 0.583333333333333
NaN NaN
NaN NaN
0 0.6
0 0.616666666666667
0 0.633333333333333
NaN NaN
NaN NaN
0 0.65
0 0.666666666666667
0 0.683333333333333
NaN NaN
NaN NaN
0 0.7
0 0.716666666666667
0 0.733333333333333
NaN NaN
NaN NaN
0 0.75
0 0.766666666666667
0 0.783333333333333
NaN NaN
NaN NaN
0 0.8
0 0.816666666666667
0 0.833333333333333
NaN NaN
NaN NaN
0 0.85
0 0.866666666666667
0 0.883333333333334
NaN NaN
NaN NaN
0 0.9
0 0.916666666666667
0 0.933333333333334
NaN NaN
NaN NaN
0 0.95
0 0.966666666666667
0 0.983333333333334
NaN NaN
NaN NaN
0 1
NaN NaN
NaN NaN
